129
130
132
134
136
138
141
143
144
145
146
147
148
149
150
151
153
158
160
161
163
165
167
169
170
171
172
173
177
179
181
184
186
188
190
192
194
197
201
203
205
207
209
210
212
214
216
217
218
221
224
226
227
231
233
236
240
243
245
248
250
251
253
1474
1475
1478
1479
1480
1481
1482
1484
1485
1487
1488
1489
1491
1492
1493
1494
1496
1497
1498
1501
1503
1504
1505
1506
1507
1508
1509
1510
1511
254
256
258
260
262
265
266
267
268
269
270
271
272
273
274
276
281
283
284
286
288
290
292
293
294
295
297
300
303
308
309
311
314
316
319
321
323
324
327
329
330
331
332
333
335
337
338
340
342
344
346
347
351
353
356
359
362
364
366
367
369
370
1512
1513
1516
1517
1519
1520
1523
1525
1527
1528
1529
1530
1531
1532
1533
1534
1535
1536
1537
1540
1542
1543
1545
1546
1547
1548
1549
373
375
377
379
381
382
384
387
389
390
391
392
393
394
395
396
397
405
407
408
410
411
413
414
415
416
418
421
422
427
428
430
433
435
438
439
442
443
444
445
446
448
450
451
452
453
455
457
459
461
462
465
467
469
473
475
477
480
482
483
485
1557
1558
1560
1561
1563
1564
1565
1568
1569
1570
1571
1572
1573
1574
1575
1576
1577
1578
1580
1582
1583
1584
1586
1588
1589
486
488
490
492
494
495
497
500
503
505
506
508
510
515
517
519
522
525
528
531
532
535
539
542
545
547
551
553
554
555
556
558
560
561
565
567
569
572
575
578
579
585
586
588
591
593
596
1595
1597
1598
1600
1602
1606
1607
1608
1609
1610
1611
1612
1613
1614
1615
1616
1618
1620
1621
1622
1623
1624
1625
1626
1627
597
599
601
602
604
606
609
614
616
617
619
618
620
622
624
626
631
633
636
638
639
640
642
645
648
651
652
654
656
658
660
662
664
666
668
669
670
671
672
676
677
679
680
681
682
683
685
688
690
691
692
693
697
701
702
703
705
708
710
713
1628
1629
1630
1631
1632
1633
1634
1635
1636
1638
1639
1640
1643
1645
1646
1647
1648
1649
1650
1651
1652
1654
1655
1657
1658
1660
1662
1663
1664
1665
1666
1667
1668
714
716
718
719
721
722
724
729
731
732
733
735
736
738
739
741
743
748
750
751
754
755
756
758
770
772
775
778
780
782
785
787
789
791
793
795
797
798
799
800
803
806
808
809
810
811
813
816
818
819
820
822
825
828
831
832
833
835
837
840
845
1669
1670
1671
1672
1673
1674
1675
1677
1678
1679
1681
1682
1685
1686
1688
1689
1690
1691
1692
1693
1694
1695
1697
1698
1699
1700
1701
1702
1704
1705
1706
1707
1708
1709
1710
1711
1712
1713
855
857
859
860
862
863
865
870
873
874
875
877
879
880
881
883
885
888
890
896
897
898
901
904
907
910
911
912
915
917
919
921
922
923
924
925
926
927
930
932
934
935
936
939
941
944
947
948
949
951
954
957
958
959
961
966
969
975
1714
1715
1716
1717
1718
1719
1721
1722
1723
1724
1725
1728
1729
1731
1732
1736
1737
1738
1739
1740
1742
1743
1744
1745
1746
1747
1748
1749
1751
1753
1754
1755
1756
1758
1759
1760
1761
976
978
980
984
986
987
989
994
997
998
999
1002
1004
1005
1007
1010
1013
1015
1023
1024
1026
1027
1029
1030
1033
1036
1040
1041
1043
1044
1047
1050
1053
1055
1057
1058
1059
1060
1061
1064
1068
1070
1071
1072
1075
1077
1080
1084
1085
1086
1087
1089
1092
1093
1096
1098
1101
1102
1103
1105
1111
1764
1765
1767
1768
1769
1770
1771
1772
1775
1777
1780
1781
1783
1784
1785
1786
1787
1789
1791
1792
1793
1794
1796
1798
1800
1801
1802
1803
1805
1807
1808
1809
1810
1811
1113
1117
1120
1124
1126
1127
1130
1132
1135
1136
1137
1141
1145
1146
1148
1151
1154
1156
1163
1164
1166
1167
1170
1171
1174
1177
1178
1179
1181
1183
1184
1187
1190
1193
1195
1197
1198
1199
1200
1201
1204
1207
1211
1213
1214
1215
1218
1220
1226
1230
1232
1235
1236
1237
1239
1242
1243
1245
1247
1250
1258
1813
1814
1815
1816
1818
1820
1821
1822
1823
1825
1826
1827
1828
1831
1832
1833
1834
1835
1836
1837
1838
1839
1841
1842
1844
1845
1846
1847
1848
1849
1850
1852
1854
1855
1856
1857
1858
1859
1861
1864
1865
1261
1263
1265
1267
1268
1269
1271
1274
1276
1281
1284
1285
1287
1291
1293
1294
1296
1298
1301
1303
1309
1310
1312
1317
1318
1320
1323
1324
1327
1329
1341
1342
1344
1348
1350
1352
1354
1355
1357
1358
1360
1363
1366
1369
1370
1372
1374
1379
1384
1385
1386
1387
1388
1389
1392
1393
1395
1397
1399
1402
1408
1411
1866
1867
1868
1869
1870
1871
1872
1873
1874
1875
1876
1878
1879
1881
1883
1884
1885
1887
1889
1890
1891
1892
1893
1894
1896
1897
1898
1899
1900
1903
1904
1905
1907
1908
1909
1910
1912
1916
1917
1918
1919
1929
1931
1933
1937
1939
1942
1944
1950
1953
1957
1960
1964
1966
1967
1969
1973
1975
1977
1979
1985
1986
1988
1993
1994
1995
1996
1998
2000
2001
2003
2005
2006
2008
2010
2012
2014
2016
2017
2018
2020
2022
2025
2027
2029
2031
2033
2035
2040
2043
2046
2048
2049
2051
2052
2054
2055
2057
2059
2061
2064
2355
2356
2357
2358
2359
2361
2362
2363
2364
2365
2366
2367
2368
2369
2370
2372
2373
2374
2376
2377
2381
2382
2383
2384
2386
2387
2388
2389
2390
2391
2392
2393
2394
2395
2396
2397
2398
2399
2400
2401
2402
2403
2404
2405
2406
2407
2408
2410
2411
2412
2414
2415
2416
2418
2419
2421
2067
2069
2071
2077
2078
2080
2082
2085
2089
2092
2094
2095
2096
2097
2100
2101
2102
2104
2107
2110
2112
2120
2121
2123
2125
2127
2128
2129
2131
2133
2134
2135
2137
2139
2141
2143
2144
2147
2150
2152
2154
2155
2156
2157
2159
2160
2162
2165
2169
2171
2172
2178
2180
2183
2185
2188
2190
2192
2193
2195
2196
2197
2199
2201
2203
2204
2422
2424
2426
2428
2429
2430
2431
2432
2433
2434
2435
2436
2437
2438
2439
2440
2443
2444
2445
2447
2448
2449
2451
2452
2454
2455
2458
2460
2461
2462
2463
2464
2465
2466
2467
2468
2469
2471
2472
2473
2474
2475
2477
2478
2205
2206
2208
2209
2215
2217
2219
2221
2223
2226
2229
2231
2232
2233
2234
2238
2239
2241
2243
2247
2249
2251
2258
2260
2261
2263
2266
2267
2268
2269
2270
2272
2273
2274
2275
2277
2279
2281
2282
2284
2287
2292
2294
2295
2296
2297
2299
2300
2302
2305
2307
2310
2312
2314
2320
2322
2325
2327
2329
2330
2331
2332
2334
2335
2337
2338
2340
2342
2344
2346
2350
2480
2482
2484
2485
2486
2487
2488
2489
2491
2492
2493
2494
2496
2497
2500
2501
2502
2504
2506
2507
2511
2512
2514
2517
2518
2521
2522
2524
2525
2526
2528
2529
2531
2533
2534
2535
2537
2538
2540
2542
2543
2547
2551
2553
3000
3001
3002
3006
3008
3010
3014
3015
3017
3019
3021
3022
3023
3024
3026
3027
3029
3031
3035
3037
3039
3041
3042
3044
3045
3046
3047
3048
3050
3051
3052
3053
3054
3056
3057
3060
3063
3065
3067
3068
3069
3070
3072
3073
3076
3078
3081
3083
3085
3087
3089
3093
3096
3097
3099
3101
3102
3104
3105
3106
3108
3110
3114
3115
3117
3119
3121
3124
3126
3128
3129
3130
3131
3133
3134
3135
3137
3138
3139
3140
3141
3142
3144
3147
3148
3149
3150
3151
3152
3154
3155
3156
3157
3158
3159
3161
3162
3163
3164
3165
3166
3167
3171
3174
3175
3176
3177
3179
3180
3181
3182
3184
3186
3300
3301
3302
3304
3307
3308
3312
3314
3315
3318
3319
3320
3322
3323
3324
3326
3327
3328
3329
3330
3332
3334
3338
3340
3342
3345
3347
3348
3349
3350
3351
3353
3354
3355
3356
3358
3359
3360
3361
3362
3363
3367
3368
3369
3372
3374
3376
3378
3379
3380
3381
3385
3386
3389
3391
3394
3396
3398
3400
3402
3406
3409
3410
3414
3415
3416
3418
3419
3420
3421
3423
3425
3429
3430
3432
3434
3436
3439
3441
3443
3444
3445
3446
3449
3450
3451
3454
3455
3456
3458
3459
3460
3461
3463
3464
3465
3466
3467
3468
3469
3470
3471
3472
3473
3474
3475
3476
3477
3478
3480
3481
3482
3483
3485
3486
3488
3489
3490
3491
3492
3493
3494
3501
3504
3505
3506
3507
3508
3510
3512
3513
3514
3515
3517
3519
3521
3600
3601
3602
3604
3606
3610
3614
3616
3618
3619
3620
3622
3623
3624
3625
3626
3627
3628
3629
3631
3635
3637
3639
3642
3644
3645
3646
3647
3648
3650
3651
3652
3653
3655
3656
3657
3658
3659
3661
3662
3665
3669
3672
3674
3676
3677
3678
3679
3681
3682
3685
3687
3689
3692
3694
3696
3698
3700
3704
3706
3707
3711
3712
3714
3715
3716
3717
3719
3721
3725
3726
3728
3730
3732
3735
3736
3737
3739
3741
3742
3743
3746
3748
3749
3753
3754
3755
3756
3757
3758
3759
3761
3762
3763
3764
3765
3766
3768
3769
3770
3772
3773
3776
3777
3779
3780
3782
3783
3784
3785
3786
3787
3788
3789
3790
3791
3794
3795
3796
3797
3798
3799
3800
3802
3803
3804
3805
3807
3809
3810
3900
3901
3903
3905
3907
3911
3913
3915
3916
3917
3919
3920
3922
3924
3925
3926
3927
3928
3929
3931
3933
3937
3939
3941
3944
3945
3947
3948
3949
3950
3951
3952
3954
3955
3956
3957
3959
3960
3961
3962
3963
3964
3967
3970
3971
3975
3977
3979
3980
3981
3982
3984
3985
3987
3989
3991
3993
3995
3997
4001
4003
4004
4008
4009
4010
4012
4013
4014
4015
4017
4019
4023
4024
4026
4027
4029
4030
4031
4032
4033
4034
4036
4037
4038
4039
4040
4041
4042
4046
4047
4048
4049
4050
4051
4053
4055
4057
4058
4060
4061
4062
4063
4064
4065
4066
4067
4068
4069
4070
4073
4074
4077
4078
4080
4081
4083
4084
4085
4086
4087
4088
4089
4090
4091
4092
4095
4096
4099
4100
4101
4102
4104
4105
4107
4109
4111
4112
4113
4115
4117
4119
4121
4122
4200
4204
4208
4209
4211
4213
4214
4215
4216
4217
4219
4220
4221
4222
4223
4224
4225
4227
4229
4233
4235
4237
4240
4241
4243
4244
4245
4246
4247
4249
4251
4252
4254
4255
4256
4257
4258
4260
4261
4262
4265
4266
4268
4271
4273
4276
4277
4278
4279
4280
4281
4283
4284
4286
4288
4290
4292
4293
4295
4299
4300
4302
4303
4304
4308
4309
4311
4312
4313
4314
4315
4316
4317
4321
4322
4324
4325
4326
4327
4328
4329
4330
4331
4333
4334
4335
4336
4338
4339
4340
4341
4344
4345
4346
4347
4348
4349
4350
4351
4353
4354
4356
4357
4360
4361
4362
4363
4364
4365
4366
4367
4368
4369
4370
4371
4372
4374
4375
4377
4378
4380
4381
4383
4384
4385
4386
4387
4388
4389
4390
4391
4394
4395
4397
4399
4400
4401
4403
4404
4405
4407
4408
4409
4410
4411
4413
4415
4417
4419
4420
4421
4422
4423
4424
4425
4426
4427
4428
4429
4430
4431
4432
4433
4434
4435
4436
4437
4438
4439
4440
4441
4442
4443
4444
4445
4446
4447
4448
4449
4450
4451
4452
4453
4454
4455
4456
4457
4458
4459
4460
4461
4462
4463
4464
4465
4466
4467
4468
4469
4470
4471
4472
4473
4474
4475
4476
4477
4478
4479
4480
481
4482
4484
4485
4486
4487
4488
4489
4490
4491
4492
4493
4494
4495
4496
4497
4498
4499
4500
4501
4502
4503
4504
4505
4506
4507
4508
4509
4510
4511
4512
4513
4514
4515
4516
4517
4518
4519
4520
4521
4522
4523
4524
4525
4526
4527
4528
4529
4530
4531
4532
4533
4534
4535
4536
4537
4538
4539
4540
4541
4542
4543
4544
4545
4546
4548
4549
4550
4551
4552
4553
4554
4555
4556
4557
4558
4559
4560
4561
4562
4563
4564
4565
4566
4567
4569
4570
5421
5422
5424
5425
5426
5427
5428
5430
5433
5434
5438
5441
5442
5443
5444
5445
5446
5447
5448
5449
5450
5452
5454
5455
5456
5457
5458
5459
5460
5461
5462
5463
5464
5466
5467
5468
5469
5470
5472
5473
5474
5475
5476
5478
5479
5481
5482
5483
5484
5485
5486
5487
5488
5489
5490
5493
5494
5495
5496
5497
5498
5499
5500
5501
5502
5503
5504
5505
5506
5507
5509
5510
5511
5513
5514
5516
5517
5519
5520
5521
5522
5523
5524
5525
5526
5527
5530
5531
5532
5533
5534
5535
5537
5538
5540
5541
5542
5544
5548
5550
5551
5552
5553
5554
5558
5559
5560
5561
5562
5563
5564
5565
5567
5569
5570
5571
5572
5573
5574
5575
5577
5578
5579
5581
5582
5583
5584
5585
5589
5590
5592
