4.9358
5.516
7.1086
6.8395
8.9284
7.1531
9.8568
11.269
12.136
12.97
15
16.044
18.23
19.168
5.1605
5.9383
6.6099
7.2123
8.4346
7.6444
7.9827
8.3728
10.207
13.662
10.346
11.573
12.123
4.9259
6.0494
6.7333
6.8568
6.684
8.1432
10.427
4.7383
5.5185
6.5975
7.1877
8.1185
8.8741
9.7062
13.074
18.319
21.76
5.637
6.8593
8.121
9.5259
11.047
7.4049
9.8395
11.98
13.474
5.9062
6.5531
6.7506
7.7679
6.1432
7.2222
7.5235
9.3086
10.395
11.252
7.642
8.8765
6.037
4.2864
5.2346
3.8395
5.1383
3.4444
5.4198
13.116
13.38
15.748
18.442
4.6988
8.5877
8.8765
16.037
4.5556
8.3333
4.921
5.3086
5.6296
7.0346
6.4148
4.5556
6.4173
7.4049
8.321
10.235
4.7823
5.4187
6.7153
6.6603
9.2943
9.4689
10.785
11.699
12.318
14.206
15.287
17.297
18.27
4.9282
5.6914
6.3062
6.5311
8.0431
7.3541
7.6651
8.0598
9.5909
13.091
9.6914
11.639
5.3421
5.7895
6.6746
6.5096
8.6555
9.7967
4.689
5.2512
6.3182
6.4091
6.8541
7.7656
8.4617
9.3062
12.663
16.215
17.469
20.67
5.7368
6.8014
7.2153
9.0742
10.749
7.3349
9.445
11.5
12.778
5.6531
6.4833
6.4067
8.2871
5.8708
6.7321
8.1077
6.7895
8.8828
9.9737
10.177
7.6435
13.289
6.0478
4.7273
5.8756
4.8038
5.4904
6.9258
14.993
15.342
17.268
22.734
4.9019
8.9354
8.9833
17.344
5.4904
9.0789
5.2177
5.7057
6.1459
4.7823
6.5766
7.8349
8.5885
10.455
4.7252
5.277
6.5068
6.4257
10.047
5.9189
6.8851
9.0045
9.8874
11.099
11.759
13.599
14.64
16.577
17.489
4.7005
5.4212
6.2635
7.6914
7.3131
8.4505
9.1532
12.691
9.4167
11.255
5.4887
5.6396
6.7815
6.4572
8.3986
9.5
4.5518
5.1914
6.0833
6.2162
6.6351
8.1216
8.9144
15.894
16.833
20.234
5.3311
6.3536
7.5946
8.9212
10.468
5.9482
7.0653
8.9887
10.946
12.255
5.5113
6.6104
6.3604
8.0518
5.5878
6.5721
6.5203
8.491
9.3761
10.322
4.9437
6.7455
6.1689
5.1779
5.7185
4.8423
5.8446
16.14
16.633
21.831
31.378
5.8806
9.527
10.471
18.466
5.8514
8.6599
5.9662
5.4707
6.0338
7.1149
7.4977
8.1059
13.232
9.7748
5.0325
5.7282
6.0832
6.1907
9.2475
6.2069
7.7809
8.8337
11.517
16.43
18.479
5.0811
5.7627
6.4138
7.8803
8.3874
12.337
5.712
6.0061
6.3753
6.6349
6.5152
5.1258
5.7282
6.7931
6.357
8.8641
14.868
15.83
16.71
20.677
4.6329
6.5842
9.5456
6.2292
7.8458
8.8702
12.034
5.9675
6.5963
6.5436
9.4828
5.9249
6.5639
6.7647
8.499
10.012
7.3002
6.4686
5.5984
6.1379
4.8174
17.079
17.677
22.211
32.089
6.4402
9.7972
10.953
24.087
5.6694
9.8337
6.6876
5.3732
5.8398
6.7931
7.6146
5.3245
8.3367
8.3164
10.02
14.189
5.2007
5.8067
6.132
6.4164
7.1747
6.4368
7.3309
8.868
11.526
11.933
16.359
15.571
18.467
5.1784
5.9647
6.6357
6.5799
7.8978
8.4535
12.634
9.4275
9.0223
5.7639
6.0762
6.7677
9.1134
8.5595
5.1468
5.6896
7.355
6.5595
6.9814
8.8606
8.7584
14.314
16.439
17.948
20.599
5.9275
6.0781
7.1041
7.6729
9.6989
9.5074
7.1989
6.4126
7.0967
8.8736
11.322
12.125
6.0279
6.0353
6.6747
8.4851
5.723
6.1413
6.7138
6.9015
8.5725
9.8439
12.444
11.435
9.0149
11.041
16.909
5.7416
7.5818
6.7639
5.6673
8.7119
7.6059
5.2026
5.5706
8.3587
18
18.236
22.665
23.71
34.076
6.7751
10.428
11.71
23.875
10.033
6.039
5.7416
7.0428
6.8662
6.1245
8.6431
6.4498
10.214
13.931
5.0773
5.6221
6.1494
6.3743
6.8594
6.3427
7.2144
8.3427
11.471
11.947
21.931
16.283
18.605
5.0949
5.2443
5.7698
5.9033
6.6116
8.2127
8.2707
13.366
9.4763
8.775
5.8717
5.7909
5.9244
6.6257
6.5659
7.7118
5.0879
5.6046
7.3919
6.1951
6.6749
8.5747
8.3515
13.691
16.332
19.438
5.8664
6.7909
5.819
9.007
8.8981
6.8225
6.1757
7.0879
8.6432
11.281
12.111
5.58
5.7575
5.9033
6.5606
7.6432
5.3849
6.0299
5.9069
6.7012
6.8647
8.4323
12.891
12.478
9.2267
11.547
18.612
7.2355
5.7012
7.4851
6.6766
5.9402
10.121
7.7873
4.7961
7.0211
5.6151
8.6028
19.093
19.32
24.705
25.125
36.36
5.768
14.095
12.742
24.332
6.8524
11.42
5.8858
5.7786
7.0808
7.2847
10.165
6.1494
9.2707
7.0914
8.7786
11.591
14.851
5.3597
5.6914
6.0215
7.5066
6.5693
6.3119
7.2013
8.4043
11.33
12.142
22.045
18.46
4.9488
5.3614
5.8284
5.8746
6.4934
6.7871
8.198
14.271
8.6205
8.9406
5.6469
5.9917
6.5809
8.4125
8.4175
5.1139
5.6023
6.1089
6.7954
8.9356
8.0363
8.3548
18.977
15.901
18.805
5.6733
5.9686
6.8548
7.9736
9.0693
6.2739
6.2657
7.2393
8.5891
11.198
13.422
5.5759
5.9719
6.5083
7.7178
5.4538
6.038
6.802
6.7558
7.0462
8.4488
12.533
11.799
9.1568
13.185
20.619
7.2162
5.8729
6.929
6.0215
9.0743
4.5858
6.8399
5.6799
7.5314
10.091
21.261
21.04
27.376
28.241
41.652
12.145
14.29
15.503
24.744
5.5198
7.3432
11.383
5.7739
5.6155
7.1188
7.1436
7.3911
6.104
9.0743
8.7376
11.378
16.246
5.8113
5.9034
6.2086
7.4371
6.3589
6.319
6.9325
8.4908
11.397
14.147
22.561
19.02
5.773
5.7929
5.5706
6.5629
6.7699
7.339
14.793
7.7607
8.9126
9.0307
6.0982
6.3773
5.9985
6.6626
9.2807
7.9555
6.3512
4.8144
5.6902
5.865
6.7331
8.0092
8.4325
19.216
15.945
18.893
5.8742
5.9248
6.8359
7.9433
9.1242
6.2807
6.2791
6.9678
8.6411
11.275
14.436
6.0982
6.4509
5.9801
9.3359
6.635
5.5061
6.1227
6.9202
12.479
7.1656
7.0445
7.4847
13.466
9.362
32.768
6.408
7.6043
6.6227
11.132
5.6672
7.661
4.9923
7.8206
4.8236
23.021
22.81
29.325
30.232
44.704
11.488
18.397
31.863
43.712
9.1994
5.9494
6.2393
7.5291
8.066
11.333
7.4218
9.3175
9.3482
8.7347
10.959
15.713
5.4954
5.3072
6.1832
6.9408
6.281
6.2025
6.916
7.4477
8.416
12.229
14.716
22.347
20.204
5.6088
5.5854
5.303
6.77
7.1116
7.3457
16.96
7.5468
8.7287
8.8223
6.1556
6.1846
6.2204
8.3182
8.9353
7.3499
8.9972
6.1887
4.73
5.8127
6.1901
6.5868
7.7975
8.7163
18.957
16.657
18.968
5.6529
6.7107
6.0193
6.668
7.6088
8.7975
5.8884
5.8967
6.9394
8.5565
12.114
14.751
6.095
6.1556
6.4008
6.2039
8.9339
6.8926
5.77
7.0716
7.2452
7.5124
13.395
8.8774
21.357
13.409
6.3209
6.6515
7.2713
11.197
5.1997
6.1928
8.4449
10.924
5.0262
8.7672
8.8774
7.5689
9.9105
5.5028
23.099
29.61
31.602
46.526
11.074
12.452
20.11
31.625
45.296
5.365
9.3636
12.876
6.3072
5.8581
7.8774
8.1253
11.404
9.3664
9.7658
8.0014
10.218
10.31
15.282
5.4672
6.3337
6.5619
9.0024
6.324
6.6602
7.1092
7.8956
8.4223
11.626
14.126
24.851
18.888
19.589
5.7476
6.7379
5.3799
6.8167
7.091
7.9175
16.948
7.9102
8.4684
6.8944
5.3762
6.2646
7.8908
7.5267
8.0643
8.6517
6.1068
4.9964
6.0813
6.7888
6.8738
8.6371
8.2718
19.01
20.256
5.7816
6.8835
6.2597
6.9794
8.7197
5.7646
6.8835
7.432
8.3799
11.55
12.399
5.3762
6.7063
5.568
6.25
7.8022
8.1808
5.6104
6.6323
6.9879
7.2184
8.6978
8.0352
16.984
12.864
13.835
10.765
24.454
14.333
35.127
6.2367
6.7221
7.693
10.169
5.9235
9.2937
4.6104
7.9066
8.0036
5.0303
7.5789
22.671
29.777
31.788
46.466
12.621
13.774
33.617
46.032
9.7027
12.494
4.8532
6.3701
5.0947
6.3204
7.2439
7.4017
11.71
7.1481
9.6723
9.8665
9.6723
13.817
5.5667
5.8416
6.6601
7.6634
7.6975
8.7173
8.9098
9.11
12.213
14.331
25.303
16.248
19.307
5.9395
7.176
7.4961
7.4587
8.2563
8.3058
8.275
17.887
7.6018
8.5424
21.442
6.0495
5.7899
6.7448
7.6018
8.44
8.5336
8.8922
5.6744
6.8317
7
7.4092
8.5677
8.7085
16.485
20.226
5.7195
7.5567
6.9109
7.4763
9
8.9219
7.4532
8.6172
8.8713
11.776
14.334
5.7899
6.0495
6.7448
8.3476
8.2167
6.055
7.1903
7.8625
7.8713
8.9934
8.6491
16.386
18.683
13.141
19.747
10.38
13.086
14.186
24.197
39.505
35.182
5.0594
6.0385
7.7987
8.1287
8.7778
18.701
9.8977
6.9934
9.2299
5.0594
8.4103
8.4653
6.3751
7.6953
22.616
28.207
32.157
37.607
33.349
29.536
34.514
48.733
42.897
51.307
12.827
12.09
13.19
31.205
18.449
42.739
8.1386
5.7206
11.441
5.1364
5.6634
5.2233
5.6964
7.3916
7.3696
12.76
7.2277
9.0154
9.714
9.3454
10.803
17.151
5.7782
6.4808
7.0456
8.1285
7.9554
9.1834
9.886
9.1979
12.315
14.79
12.571
24.283
16.268
19.395
5.428
7.4477
7.1492
8.4321
8.7699
8.0363
8.4736
18.953
8.5378
8.5575
12.183
21.749
5.9171
5.6984
6.8694
8.4321
8.3347
8.0311
8.9316
5.8736
7.6549
6.9378
6.5751
7.5658
8.6135
8.8
16.684
20.647
22.075
5.9161
8.0694
6.6435
6.9544
8.4539
8.9886
7.7181
7.8487
9.3233
8.915
12.74
14.987
5.6984
6.8694
8.3347
8.0311
6.1606
7.1523
7.2166
9.2124
8.4145
8.8363
8.6352
15.534
14.58
11.259
13.772
24.171
38.337
34.523
4.9731
5.8953
7.2528
8.0197
18.963
11.45
11.295
12.736
4.9731
8.544
8.285
6.4715
7.5078
23.998
38.166
48.117
43.247
12.332
20.306
22.28
8.8031
7.6663
5.7979
11.088
6.3306
5.7803
6.3606
5.1793
7.4187
14.091
12.693
8.9067
11.472
10.518
7.0725
10.14
16.984
6.0191
6.751
5.6175
7.7279
7.1948
7.749
9.0382
9.3163
9.4317
12.637
15.299
12.264
21.526
16.507
19.412
5.3544
6.0231
6.9618
8.1165
8.242
8.2189
8.5863
8.8253
9.3785
9.6185
10.994
18.763
5.5693
5.8645
6.4046
6.745
8.3745
8.5241
8.8765
8.2811
9.0472
5.6616
6.4518
6.1496
7.4689
7.8082
9.2339
16.991
20.31
21.069
5.7741
7.4277
6.5713
7.1847
9.5592
7.9247
10.761
7.1225
7.7068
8.9277
9.1205
13.173
15.313
5.5693
5.8645
6.4046
6.745
8.3745
8.2811
5.8082
6.6476
7.1155
8.6034
8.5833
8.9347
8.7329
18.067
14.413
11.827
13.343
24.081
34.438
39.367
4.9689
6.3243
7.2279
8.0311
11.093
17.67
4.9187
7.5291
9.6837
6.2701
7.8263
23.896
31.097
48.062
43.203
11.913
19.859
19.056
4.8143
8.4287
8.7299
11.094
4.9488
5.8213
5.0181
6.1627
7.3283
7.8293
13.623
14.205
6.6516
8.243
10.191
11.325
10.693
16.426
18.86
5.539
5.7353
9.1386
7.077
7.4264
8.9346
9.3176
9.7594
12.843
15.379
12.141
21.625
16.963
19.578
5.1328
5.9885
6.7815
7.5938
7.9355
8.6006
8.5611
20.982
8.6449
8.4851
9.3099
11.607
13.353
5.4273
6.6583
8.1492
8.821
8.5005
5.616
6.5833
6.8316
8.2753
9.4466
9.2714
17.768
20.892
20.952
5.5419
6.7372
7.4668
9.6035
8.3994
11.203
7.0269
7.538
9.1713
8.8576
9.6737
13.62
15.502
5.4273
5.7324
6.6583
8.5005
5.41
6.5438
6.8239
8.5399
7.3908
8.2762
8.7883
8.8017
9.5101
18.287
15.861
12.493
15.813
20.183
23.643
34.971
39.177
6.8258
8.2204
9.6121
6.2897
10.104
6.2031
7.5987
22.551
50
41.126
6.3513
6.7267
12.039
6.3032
7.4581
8.7575
8.1222
10.971
15.206
10.876
20.635
30.751
42.348
9.2348
8.6574
10.991
4.8017
4.9066
6.2541
7.41
7.8422
13.277
6.487
7.5553
10.462
12.493
11.511
14.432
5.5381
5.7258
9.7184
7.0455
7.4043
8.8708
8.2314
9.2268
9.8541
12.872
15.53
12.046
21.616
17.259
19.453
4.5994
5.2881
6.1106
6.6868
6.0195
6.5892
7.7026
8.0836
8.8662
8.8467
8.6515
8.2286
8.3866
11.956
12.991
5.6032
9.1162
5.5548
6.119
6.5418
11.677
7.9043
8.3206
8.0976
8.7351
5.4154
6.224
6.5539
6.3987
8.2472
9.8597
9.5251
17.702
20.817
20.979
5.3439
7.2184
7.3829
9.8978
8.3606
11.436
6.9963
9.2574
7.8987
8.8262
9.8476
13.629
15.612
5.5548
6.119
6.5418
8.2519
8.7351
5.2928
6.5009
7.4303
8.4377
7.895
8.066
8.8745
8.8931
9.6608
15.335
16.459
12.965
15.73
19.614
22.83
34.275
38.397
6.7797
6.0214
8.2203
9.6143
6.737
9.3383
6.2221
7.895
21.775
21.849
29.684
32.732
32.723
36.71
47.584
52.788
39.712
40.725
5.0084
6.4954
7.8522
11.142
11.737
6.3652
7.6664
8.3169
8.3634
12.546
15.984
11.059
19.926
29.693
46.468
9.1961
8.6385
11.31
4.6366
4.9703
6.448
7.8522
8.316
10.222
14.582
10.776
7.6162
9.2751
12.356
12.026
14.856
15.655
19.967
5.9717
5.4699
9.6852
7.3659
8.5995
9.3321
9.7208
11.415
14.223
18.094
11.978
24.412
17.946
22.127
5.0912
5.437
6.3212
6.7838
6.2847
8.1487
8.4717
9.344
9.3458
9.1168
8.5748
8.8349
12.286
13.428
5.7573
9.0447
5.6651
6.1505
6.5502
8.2719
8.354
8.5347
9.0757
5.9681
6.8504
6.5593
9.3759
8.7026
11.12
10.055
18.945
20.437
22.405
5.6405
7.5137
7.6013
10.421
10.32
8.8139
12.321
7.3312
9.9197
8.6478
9.4471
11.642
14.589
17.717
5.6651
6.5502
8.2354
9.0757
5.4462
6.8385
7.9827
8.8768
8.1651
8.7856
9.3513
9.3604
10.191
8.4836
17.608
15.055
16.483
12.984
18.298
23.321
34.927
38.289
6.8422
8.4845
9.625
5.5155
6.6141
9.99
6.3823
7.9334
22.172
31.661
41.15
48.631
4.9808
6.5684
11.587
13.53
6.2947
7.6177
8.8038
8.3932
12.499
16.057
11.51
20.94
29.151
45.62
9.3057
11.574
4.552
6.7436
7.0182
7.6378
4.9708
6.5219
8.3011
15.108
8.5566
10.308
14.717
10.853
7.6369
9.1058
12.404
13.111
16.642
20.949
3.6405
5.6329
9.8151
7.5343
8.728
9.6734
10.178
11.829
14.879
17.902
13.232
23.174
19.066
20.898
48.151
5.4533
4.8371
6.7861
7.4912
6.5572
7.7245
9.0361
8.7984
9.9525
9.6787
24.647
9.4252
9.9428
8.6039
12.691
12.494
13.79
6.4173
10.01
4.8407
6.1611
6.7386
6.6012
8.6259
8.7069
8.3398
9.3292
6.1813
7.2165
8.7394
10.533
12.201
11.419
19.849
21.317
23.241
5.7826
7.6725
11.967
10.775
13.379
7.4815
10.158
8.5748
9.6303
12.006
15.291
17.551
5.1048
6.8653
6.7386
8.5933
9.3292
5.3688
7.0414
8.3618
9.2421
7.3055
9.1188
11.795
9.7438
12.288
8.6787
17.833
11.312
14.96
17.658
13.974
19.379
24.938
29.577
37.39
41.342
7.4428
9.353
10.559
5.6734
6.566
12.886
7.2174
8.6699
23.856
30.37
34.771
41.373
45.775
54.137
15.697
4.5731
6.9181
8.2474
8.5907
12.323
13.617
6.5132
9.3301
9.6822
9.8583
13.379
16.284
12.236
17.518
22.447
33.891
51.849
12.777
19.195
4.7518
5.0396
7.7535
8.1056
8.4445
5.7641
7.1989
9.3292
17.597
9.3732
11.046
17.033
5.713
11.664
8.3715
9.4014
13.191
13.358
17.258
24.014
30.621
3.5123
7.5097
9.9687
10.523
12.177
14.775
18.271
21.133
13.585
23.353
19.784
21.041
20.157
47.788
5.5664
6.8977
7.4345
6.9273
7.6036
9.3195
9.2942
10.423
10.169
24.92
9.5402
9.1276
15.347
14.722
14.576
6.4446
9.4015
5.071
5.9129
6.8259
8.3035
9.0101
8.8605
9.8614
10.251
4.8732
6.2172
7.4455
7.3762
10.85
12.864
11.495
11.077
10.985
19.549
21.146
22.044
7.0702
7.8808
11.948
11.957
13.609
7.8571
10.859
8.7236
9.8529
11.127
12.255
15.211
17.412
6.4446
5.071
5.9129
6.9104
9.0101
10.251
6.6991
7.1843
8.5114
9.4666
7.6069
9.2975
11.918
10.599
12.273
9.552
17.76
14.835
16.382
18.749
15.723
20.566
20.626
26.627
44.801
38.884
47.253
7.4345
9.4463
11.407
4.8986
6.5757
11.521
5.874
8.8749
8.9594
16.019
25.325
31.488
36.078
42.181
44.505
49.155
58.039
64.117
16.116
19.652
6.1699
7.0575
8.9341
13.989
14.074
7.1843
9.847
9.3905
10.058
14.538
17.455
13.098
21.078
24.598
36.12
55.283
13.078
19.727
4.814
7.6036
8.1107
8.6179
5.8309
7.5216
9.4658
17.997
9.2122
10.827
17.117
5.8242
12.215
7.3542
7.7853
11.91
14.814
14.019
18.132
26.374
31.944
3.5495
10.54
18.226
14.899
15.605
20.411
22.379
25.089
19.879
29.839
37.903
43.548
4.8347
5.3855
15.302
8.3911
7.5379
9.2887
26.613
4.8976
5.1492
9.4919
11.246
5.2008
7.8185
6.2734
11.556
35.484
38.71
5.2008
9.2331
9.1927
18.468
13.952
25.476
31.613
36.169
41.452
44.435
49.363
58.29
51.798
64.387
15.935
20.203
7.1444
8.8476
13.765
4.6306
5.6444
9.6766
9.8379
14.112
10.685
22.016
5.3218
26.81
36.21
41.294
57.238
68.597
60.117
13.706
19.19
19.714
24.915
24.835
9.5556
10.541
4.7306
6.8935
5.7887
9.5226
18.032
9.9419
17.337
11.127
12.254
7.9919
6.8266
5.5565
13.911
16.681
25.931
30.476
3.5073
10.948
5.3185
8.3847
6.9315
6.125
8
9.2702
13.786
5.3185
6.9315
7.496
6.125
9.0282
8.0605
9.9153
5.6161
7.2984
7.425
9.4984
11.784
8.825
12.783
8.8952
11.372
12.458
13.469
22.927
20.615
22.233
7.4879
8.9637
10.023
11.785
12.44
21.532
14.94
18.177
46.115
23.992
20.512
20.725
21.563
8.0323
6.7702
9.2702
9.2702
8.0524
9.5831
11.181
25.44
8.0605
9.8347
11.589
12.335
15.536
17.738
7.1363
9.6766
8.4427
9.6524
11.27
11.959
9.1431
18.944
16.029
14.461
18.355
20.581
25.559
18.86
31.752
37.49
10.138
12.353
21.289
21.679
11.63
17.628
8.0834
40.589
20.964
20.627
22.077
24.353
8.4124
11.113
5.7972
9.4836
7.2647
24.467
9.2884
19.507
9.5601
12.503
15.96
5.2418
7.456
9.9426
11.473
6.7215
8.0298
11.744
6.8057
9.9426
5.6634
4.8347
13.204
7.2349
8.7758
9.671
7.2555
11.461
4.5868
7.9763
7.9495
9.2923
5.0765
10.325
4.5134
7.6503
17.98
29.074
9.1806
36.725
30.375
16.106
27.544
22.511
22.376
21.412
5.049
9.5325
17.827
10.559
9.3948
24.178
30.375
47.819
56.465
12.101
13.607
11.526
7.6565
6.8623
8.2777
8.4078
5.3015
4.5134
10.137
21.347
13.695
9.3718
5.6611
8.9135
7.6473
9.1775
11.09
12.161
15.298
16.829
7.9533
8.3053
6.7674
12.069
9.1699
8.0673
11.143
5.5501
9.2953
6.7322
13.003
19.889
4.4881
10.001
8.798
8.8661
9.3864
6.6932
16.448
11.399
17.49
4.964
11.848
5.5279
6.6526
7.6473
11.301
14.399
16.14
25.987
3.3933
44.759
32.058
