0.0010513
0.00067008
0.00034053
0.00052224
0.00044242
0.0027561
0.0026506
0.00048734
0.0024151
0.0005514
0.0001272
0.0027046
0.00053412
0.00033286
0.0040049
0.0035328
0.00503
0.0018118
0.0021865
0.0003803
0.00073169
0.0086585
0.0020888
0.000358
0.0010378
0.00011968
0.00033867
0.00042566
0.0031208
0.00044028
0.0018469
6.0172e-05
0.0010769
0.00027394
0.0049234
0.0037139
0.0040303
0.0018437
0.0005091
0.0033081
0.0048151
0.00057725
0.00053695
0.00044736
0.00093546
0.00086128
0.0007476
0.00046891
0.0011278
0.0037666
0.0017
0.0016992
0.00058073
0.0036957
0.00028865
0.0017255
0.00042955
0.00071834
0.0024444
0.00079108
0.0024072
0.00060622
0.0010586
3.7645e-05
0.00028102
0.00063653
0.00079828
0.0015762
3.751e-05
9.8581e-05
0.00014262
4.5039e-05
4.0614e-05
9.0227e-05
9.9556e-05
0.00021492
3.298e-05
5.3483e-05
0.00015794
7.9909e-05
0.00011047
3.5185e-05
0.0017463
0.0010177
0.0011712
5.9002e-05
0.00026354
0.0053179
0.0012028
0.00037165
0.00016153
0.00014534
0.0014679
0.00079515
0.00038317
0.00053202
0.00043838
0.0024512
0.00045741
0.0024542
0.0094728
0.00010129
0.0027395
0.00058727
0.00029115
0.003886
0.0046645
0.0046944
0.00068764
0.0029636
0.00022861
0.00059098
0.0083357
0.0026856
0.00038376
0.0011156
0.00025005
0.000499
0.0032777
0.00036871
0.0019904
0.0011965
0.00031446
0.0063003
0.0033501
0.00083036
0.0016916
0.0043397
0.00032234
0.0026471
0.0043724
0.00081994
0.00020983
0.0006564
0.00072723
0.00097547
0.0015754
0.00070589
0.00036865
0.0012436
0.0041364
0.0015198
0.001744
0.00068077
0.0043307
0.00025135
0.0018739
0.00033702
0.00096963
0.0025585
0.00032035
0.002612
0.00054364
0.0014171
2.904e-05
0.00039982
0.00039931
2.3311e-05
0.00096293
0.0010598
6.5845e-05
5.1135e-05
8.0995e-05
3.8358e-05
8.7442e-05
4.7897e-05
0.00019103
1.2923e-05
4.6314e-05
0.0002268
7.6761e-05
4.4937e-05
4.5684e-05
0.0015955
0.00072493
0.00087536
0.0052812
0.00072569
0.00047709
0.00014984
0.00014873
0.0019041
0.0012887
0.00038498
0.00062443
0.00042195
0.00052504
0.0034898
0.0020426
0.00071966
0.0021412
0.00039953
0.00010199
0.0028938
0.00071866
0.00031929
0.0048425
0.0047302
0.0015115
0.0039956
0.0005087
0.0068129
0.0027552
0.00041946
0.0010072
0.00015634
0.0005085
0.0035353
0.00034701
0.0019673
0.0011579
0.00021393
0.0068777
0.0040194
0.00076431
0.0013334
0.0039297
0.0004446
0.0031619
0.00018336
0.00072496
0.00093717
0.0011237
0.0016419
0.00082412
0.00027813
0.0011237
0.00072755
0.0049646
0.0011266
0.0016468
0.00065748
0.0048631
0.00025403
0.0022157
0.00030385
0.0010839
0.0029756
0.00072708
0.0024865
0.00056346
0.0020708
0.00081938
0.0010809
0.00017905
0.0002786
0.00037899
0.00026042
8.6875e-05
3.9451e-05
9.0439e-05
0.00010379
0.00010138
0.00083225
2.1515e-05
0.00016479
8.3568e-05
4.8898e-05
2.3905e-06
0.00024976
7.0141e-07
0.00087755
0.00085315
0.00036206
0.00043621
0.00021744
0.00017395
0.0014614
0.0016515
0.00024462
0.001083
0.00022892
0.00068468
0.0021722
0.0028374
0.00025198
0.0026081
0.00051115
0.0045079
0.0042951
0.0019008
0.0039696
0.0078784
0.00041456
0.00032538
0.0041562
0.00013283
0.0015677
0.00010818
0.0049868
0.003045
0.0037953
0.0038717
0.0058361
0.00066394
0.00017007
0.00053752
0.00067625
0.0011555
0.0023081
0.0010152
0.00059134
0.0038516
0.0024933
0.00033053
0.0048976
8.5225e-05
0.0018614
0.0014848
0.00083531
0.0017933
0.00093908
0.0021568
0.0011274
0.0010522
0.00046495
0.0003926
0.0004477
0.00034649
3.4628e-05
0.00013472
8.7106e-05
6.2762e-05
0.00066083
2.7688e-05
0.00013429
6.7834e-05
3.0141e-05
5.677e-05
0.00016894
0.0014408
0.0007392
0.00082455
0.00019833
0.0033954
0.00051886
0.00032398
0.0001626
0.00019217
0.00091419
0.0013427
0.001328
0.0008378
0.00041504
0.00093355
0.0026816
0.0015363
0.0013386
0.00019732
0.0003641
0.0026706
0.00063016
0.0029781
0.0036772
0.0016546
0.0019903
0.0038265
0.0054906
0.00055728
0.002044
0.0010995
0.0008283
0.0022794
0.00093234
0.0004625
0.00057042
0.0038791
0.0019918
0.0019768
0.0027635
0.0042065
0.0014049
0.004053
0.00050507
6.7369e-05
0.00072388
0.00060048
0.00051608
0.00059794
0.0012911
0.00063405
0.00070914
0.00098179
0.00040284
0.00053738
0.0047055
0.0016996
0.0011001
0.00027799
0.00086334
0.0031301
0.0014288
0.00086334
0.00073822
0.00071884
0.0012815
0.0011343
0.0015812
0.0013975
7.3723e-05
0.00028105
0.00041589
0.00018683
4.349e-05
0.0019218
0.00025426
0.00069873
0.00054421
0.00021727
0.00017547
0.0014051
0.00010077
0.00044724
2.8243e-05
0.00013462
9.1235e-05
0.0001265
3.6381e-05
0.00054524
0.00015045
0.0001537
6.8948e-05
0.00014642
0.00057072
0.0020747
0.00060598
0.00089097
0.0012631
0.0004566
0.0013479
0.0001762
0.00021954
0.0006827
0.001103
0.0010776
0.00047672
0.00041984
0.0014594
0.0039787
0.0021141
0.0016961
0.00029093
0.00055634
0.0030159
0.00053458
0.0019014
0.0017972
0.0042133
0.0012353
0.0023313
0.0050797
0.006342
0.00056207
0.0023665
0.0013805
0.00065472
0.00082202
0.0031391
0.00066493
0.00072523
0.00052517
0.0030959
0.0016038
0.0025824
0.0022551
0.0052254
0.0015024
0.0050714
0.0013576
0.00086025
0.00078528
0.00049048
0.0016463
0.00036774
0.0017252
0.0014182
0.00037092
0.00075968
0.0069406
0.0023045
0.0014452
0.00032625
0.00066023
0.0010105
0.0041981
0.0013092
0.00066023
0.00055499
0.00067533
0.00082809
0.0012028
0.0014614
0.0033982
7.1849e-05
0.00015582
0.00029353
0.00021746
8.9099e-05
0.00040333
0.0019914
0.00018764
0.00047648
0.00027779
0.00015809
0.00025055
0.0017842
0.00025145
8.5512e-05
0.00013672
1.6833e-05
9.9255e-05
0.00012873
3.7024e-05
2.2835e-05
0.00014139
0.00012753
4.2904e-05
5.7997e-05
2.5896e-05
0.00010346
0.00065992
0.0025265
0.00052112
0.0013547
6.8301e-05
0.00036429
0.00037381
0.0015114
0.00020806
0.00012914
9.8082e-05
0.00050074
0.0010303
0.00059484
0.00029363
0.00032713
0.0012784
0.0036782
0.0024664
0.0017933
0.00027369
0.00058749
0.0006096
0.0025808
0.00097084
0.0041054
0.0010971
0.0038957
0.0027425
0.0048774
0.00055992
0.00092118
0.0018758
0.00092962
0.0031844
0.0012075
0.00038273
0.00052706
0.0029038
0.0022076
0.0022446
0.0046717
0.0050046
0.0026821
0.0042766
0.00017743
0.001223
0.00098391
0.00046667
0.00055549
0.0001405
0.0024068
0.0018494
0.00025148
0.00068031
0.0069438
0.0029717
0.0016239
0.00037959
0.00062271
0.0040024
0.0012108
0.00041684
0.00037739
0.00081271
0.00095383
0.00096095
0.0018125
0.0031018
7.2406e-05
0.00010104
0.00030621
0.00025673
9.5212e-05
0.00029538
0.0022791
0.00031819
0.0004968
0.00037148
0.001942
0.00099941
0.00022007
0.00030036
0.00017013
5.4886e-05
0.00013873
0.00015282
5.4886e-05
8.6624e-05
4.5087e-05
6.4632e-05
0.0001798
7.5089e-05
0.00013426
2.0387e-05
2.4214e-05
0.0010631
0.0034111
0.0021663
0.00066104
0.0021533
0.00025312
0.00034009
0.000326
0.0001482
0.000124
0.00031571
0.0015006
0.00026912
0.00012248
0.00028735
0.0012662
0.0041815
0.0024624
0.0015738
0.00033303
0.00072056
0.00059831
0.0031952
0.0032098
0.0020448
0.004838
0.0033648
0.0045915
0.00054632
0.0016237
0.0013635
0.00087795
0.0011573
0.00056984
0.0020342
0.00048615
0.00023051
0.00078438
0.00098468
0.002171
0.0052474
0.0025832
0.0028324
0.0017968
0.0039368
0.00020363
0.0012545
0.00097932
0.00039055
0.0015619
0.0010193
0.0025209
0.001768
0.00023731
0.00055425
0.006728
0.0035353
0.0015962
0.00036259
0.0015388
0.00034689
0.0027173
0.00015178
0.00079346
0.0011695
0.00075365
0.0016167
0.0015962
0.0016167
0.0024339
0.0028992
0.00026847
0.00025325
2.1104e-05
0.0017301
0.00074778
0.00036104
0.0002761
0.00017843
0.00026384
0.0019919
0.0015627
0.00068378
7.6684e-06
9.5021e-05
0.00013829
2.4661e-05
7.2145e-05
9.3974e-05
0.00013492
5.7985e-05
1.985e-05
0.00010401
0.00013486
0.0027513
0.00045032
0.0021643
0.00016144
0.0016338
0.00037164
0.00036386
0.00012844
0.00017602
0.00011148
0.00018625
0.00067292
0.0010576
0.00010112
0.00023235
0.0014237
0.00077015
0.0030873
0.0016039
0.0010918
0.00063635
0.00056102
0.0007744
0.0046514
0.0038184
0.0017526
0.0042616
0.0025347
0.0032915
0.00047825
0.0012329
0.00076509
0.0010826
0.0015398
0.00077628
0.0014581
0.00030682
0.00017537
0.00055869
0.00035039
0.00096698
0.0023238
0.0041946
0.0037642
0.0017547
0.00033054
0.0026703
0.00016819
0.00075266
0.00070427
0.00055306
0.0011247
0.0012298
0.00068519
0.0015492
0.0011718
0.0002304
0.00062021
0.0014047
0.0027694
0.0011399
0.00057994
0.00033464
0.0018166
0.00027024
0.0020686
0.00015255
0.0011031
0.001001
0.0014236
0.0018472
0.0021736
0.00035005
7.6149e-05
8.5149e-05
0.00029222
0.0026841
0.0010054
0.00066788
0.00015
0.00010447
0.00015209
0.00017692
0.0001804
0.0019256
0.001955
0.0004931
0.00035511
0.00067908
0.00089879
0.000137
0.00010951
1.9523e-05
5.1525e-05
2.4153e-05
0.00010707
0.00010331
4.0445e-05
1.9251e-05
0.00021952
3.4887e-05
7.0999e-05
0.00012649
0.0031828
0.00045273
0.0018156
0.00014744
0.00013223
0.00032205
0.0005938
0.00030291
0.00019423
0.00011735
0.00060367
0.00078903
2.5289e-05
0.00039628
6.5414e-05
0.0021336
0.0017712
0.0024185
0.0010745
0.00076142
0.00052104
0.00042139
0.0015316
0.00065732
0.0045405
0.0045492
0.001825
0.0032504
0.0014183
0.002011
0.00044322
0.00079544
0.00054521
0.00074349
0.00060458
0.00066885
0.00015318
0.00040255
0.00033502
0.00020559
0.00083279
0.0017296
0.0034634
0.0027352
0.0010729
0.0017705
0.0015449
5.1221e-05
0.00042943
0.00032562
0.00075991
0.0010566
0.00038498
0.00063913
6.4758e-05
0.0010594
0.0025591
0.0017968
0.0008919
0.00044982
8.0541e-05
0.00095696
0.00058097
0.00087553
0.00012144
0.00016611
0.0016102
0.0012013
0.00094589
0.00099058
0.00094589
0.0014376
3.0825e-05
0.0001943
9.7586e-05
0.00017826
9.7028e-05
0.00031306
2.4852e-05
0.0021892
0.001168
0.00075296
0.00011461
0.00014876
9.0047e-05
0.0016844
0.0022579
0.00061524
0.00075992
0.00067115
0.00011785
0.00011426
1.0368e-05
3.3581e-05
1.1461e-05
4.1193e-05
4.2019e-05
1.7822e-05
3.2318e-05
3.6155e-05
0.00025619
3.2318e-05
0.0012027
0.003124
0.00043325
0.001711
0.00014116
0.00010752
0.00037585
0.00027263
0.00041953
7.1727e-05
0.00030795
0.00040112
0.00071639
0.00051745
0.0023999
0.0015129
0.0024942
0.00098487
0.00068522
0.00057423
0.0002721
0.0016635
0.00065115
0.004146
0.0035939
0.0025277
0.0011326
0.0019294
0.0005626
0.00028618
0.00034766
0.0005626
0.00028618
5.5659e-05
0.00067105
0.00051236
0.0017194
0.00030636
0.00015193
6.7379e-05
0.00016698
0.003411
0.0021898
0.0018555
0.001281
0.0013542
0.00083536
0.00034932
0.00035597
0.0011111
0.0005645
0.00060583
0.0005597
0.00034367
0.00063613
0.0013167
0.0022477
0.0018995
0.0010126
0.00046223
0.00050436
0.00090243
0.0022766
0.00015954
0.00011147
0.00066885
0.00098513
0.00088655
0.0006248
0.00088655
0.0015353
2.0209e-05
7.2551e-06
0.00021084
7.3497e-05
0.00022325
3.0565e-05
0.00038194
7.503e-05
1.3624e-05
2.938e-05
0.0019165
0.0009333
0.00055589
0.00091017
0.00042495
0.00076372
7.594e-05
8.2464e-05
8.8355e-05
0.0018521
0.0020659
0.00052019
0.00074461
0.00072401
0.00016789
0.00015605
1.5624e-05
0.0001671
7.0516e-06
1.3948e-05
3.636e-05
2.4399e-05
9.0546e-05
1.384e-05
2.9344e-05
2.6794e-05
2.5944e-05
4.808e-05
3.8922e-05
2.4172e-05
0.00012835
0.00024122
2.665e-05
0.00033947
0.00039299
0.0014526
0.0028929
0.00026742
0.0012437
0.00035417
0.00014465
0.00033489
0.00016227
0.00020404
0.00047036
4.8272e-05
0.00019283
0.00036785
0.00041956
0.00055938
0.0016893
0.00093971
0.0011901
0.0012989
0.00071005
0.00052042
0.00016414
0.00028634
0.0018379
0.00068237
0.0027637
0.0014466
0.0022258
0.0013196
0.0012073
0.0021789
0.0011792
0.00026784
0.0010555
0.00018861
0.00074887
3.0995e-05
0.00044244
0.00047668
0.0013475
0.00034493
0.00016712
0.00029631
8.718e-05
0.0040238
0.00046499
0.001657
0.0014243
0.0011314
0.0018196
0.00050746
0.00050689
0.00033271
0.00026944
0.0011435
0.00015619
0.00050481
0.00037274
0.00048653
0.0010486
0.00033701
0.00086265
0.0013509
0.0021549
0.0010632
0.00040947
0.00055896
0.0017489
0.00015572
0.00021753
0.0006108
0.00067981
0.00059018
0.00066284
0.00014325
0.00090842
0.00099619
2.6133e-05
0.00029617
0.00019289
0.00043448
0.0001256
1.8053e-05
4.6188e-05
0.0022835
0.0005336
0.00070538
0.00057865
0.00068233
0.00064586
2.8111e-05
5.7485e-05
0.0015786
0.0023299
0.0004513
0.0006511
0.00071629
0.00016063
0.00045963
4.3983e-05
0.00010012
0.00015744
9.9144e-06
0.00016381
0.00011766
9.0076e-05
0.0002396
0.00010158
0.0017091
0.00023045
0.0020879
0.0016194
0.0013786
0.00040571
0.00044639
0.00024195
0.00014412
0.00015762
0.00010706
0.0006072
3.3306e-05
5.2069e-05
0.00013499
0.0014774
0.00036589
0.00085588
0.0012049
0.001762
0.00088954
0.0017769
0.00093922
0.00062547
0.00022497
0.00039304
0.0020636
0.00083977
0.0020959
0.0030414
0.0010831
0.00099834
0.0021178
0.0020901
0.0012404
0.0009416
0.00041368
0.00012066
0.0014518
1.4503e-05
0.00045912
0.00059152
0.00053904
0.0013999
0.00016443
0.00033524
0.00039726
0.00026378
5.1788e-05
0.0038262
0.0002295
0.00043992
0.0013715
0.0033451
0.0015794
0.0006991
0.0003313
0.00016052
0.0009248
5.5036e-05
0.00013581
0.00026624
0.001031
0.00076426
0.0011333
0.00052472
0.0005841
0.0022479
0.0026823
0.0014014
0.00048999
0.00040465
0.00066553
0.00042792
0.0018437
0.00013567
0.00017705
0.00040067
0.0010354
0.00028564
0.0010847
0.0010643
0.00098631
0.0010477
3.5198e-05
0.00034779
0.00015437
0.0004059
0.00018764
7.043e-05
3.0637e-05
0.0024609
0.00015856
0.00075541
0.00036532
0.00089353
0.00083414
0.001615
0.0026005
0.00048292
0.00060501
0.00081558
0.00011406
0.00050141
6.8085e-05
0.00010851
0.00017342
5.2761e-06
0.00024321
0.00013071
7.097e-05
0.00018792
0.00016082
0.0017698
7.8755e-05
0.0017349
0.0016817
0.0013816
0.00061749
0.00046612
0.00031624
0.00011188
0.00025485
0.00016009
0.00019162
0.00071441
0.00015474
0.0001051
0.00079774
0.0011564
0.00023798
0.0014041
0.0012051
0.0025008
0.0020992
0.0018933
0.00097263
0.00061526
0.00020756
0.0004073
0.0022489
0.0008132
0.0019002
0.004349
0.001062
0.0037124
0.0023295
0.0013358
0.0029831
0.00035055
0.0011387
0.00061219
0.00046394
0.00045286
0.001087
0.0007994
0.0012903
0.00051524
0.00049365
0.0003298
0.004074
0.0029558
0.0015935
0.0022688
0.0019502
0.0017844
0.001047
0.00033986
0.00035846
0.00078034
0.00084635
0.00020439
0.0013938
0.0011951
0.0016545
0.00071963
0.00039294
0.0034807
0.0027908
0.0029761
0.001157
0.00047938
0.0007994
0.00090217
0.0015918
0.00019137
0.00032267
0.0014624
0.00015212
0.0014498
0.0010772
0.0011685
0.0007534
0.00082509
0.00071534
4.2655e-05
0.00047991
0.00012018
0.00033039
0.00018174
0.00017738
9.6314e-05
3.1052e-05
0.0015832
0.0029566
0.00077111
5.1009e-05
0.00014755
0.00052105
0.00082277
0.00020399
5.2507e-05
8.2211e-05
0.00015813
0.00015202
7.3454e-05
0.0021832
0.00042963
0.00051404
0.00073126
0.00078592
0.00084224
0.00023052
0.0001473
4.9776e-05
2.6812e-05
3.4232e-05
0.00010683
9.6429e-05
0.0018134
0.0011869
0.0018191
0.00098184
0.0010799
0.00039701
0.0001331
0.00043756
0.0001987
0.00021483
0.00051088
0.00027966
0.00044291
0.00080823
0.00014443
0.00096813
0.00061626
0.0026511
0.0010751
0.0012728
0.0013024
0.0011213
0.00055206
0.00026853
0.00032822
0.0021215
0.00065918
0.00035347
0.0014688
0.00060586
0.00040238
0.0048727
0.00049376
0.0041106
0.0022608
0.0012728
0.002779
0.00098897
0.00057606
0.00080284
0.00064904
0.0012323
0.0008627
0.00026671
0.00080799
0.00064631
0.0013146
6.0899e-05
0.00055996
0.00062549
0.00056089
0.00039475
0.0047558
0.00020266
0.0031783
0.0017841
0.0020915
0.0018352
0.0017772
0.0013295
0.00022443
0.00031291
0.00097075
0.00082636
0.00017397
0.0013478
0.00099306
0.0015284
0.00056049
0.0024588
0.0013883
0.0037711
0.0021268
0.0013839
0.0003628
0.00095526
0.00059709
0.0015695
0.00040645
0.00019927
0.0002535
0.0013208
0.001371
0.0018735
0.0010209
0.0011323
0.00059884
0.0006461
0.00078059
5.0894e-05
0.00044928
0.00019616
0.00026127
0.0003484
0.00020065
0.00011234
5.0001e-05
0.0017542
0.00059758
0.0030286
0.00085846
0.00014448
0.00016022
0.00072853
0.0010495
0.00025238
3.4672e-05
0.00021022
1.759e-05
3.5181e-05
7.6262e-05
8.8652e-05
1.8517e-05
0.00012305
0.00011879
0.00014771
0.00012324
9.2236e-05
0.00014432
5.4727e-05
0.0020262
0.00056316
0.00072801
0.00074377
0.0011198
0.00076205
0.00017676
0.00018885
6.6495e-05
2.9234e-05
2.7256e-05
5.4195e-05
0.00012834
0.0020142
0.0010043
0.0019035
0.00090981
0.0014485
0.00036525
0.00051199
0.00014294
0.00094715
0.0001532
0.00015768
0.0004428
0.00010828
0.00036335
0.00011515
0.00016399
0.00055706
9.3139e-05
0.00083713
0.0012488
0.0026905
0.00087551
0.0014797
0.001207
0.00026031
0.00026191
0.00023637
0.0026286
0.00027119
0.00068153
0.00083136
0.0011107
0.0019056
0.0039908
0.0045703
0.0018239
0.0012433
0.0025272
0.0010479
0.00031026
0.0007486
0.00064432
0.0011947
0.0010432
0.00039223
0.0010911
0.00056098
0.0012076
0.00039974
0.00069666
0.00053639
0.00038731
0.0044947
0.0029659
0.0018742
0.0029443
0.0002636
0.001499
0.0015726
0.0014883
0.00026576
0.00023055
0.00073198
0.00075436
0.00014134
0.0012771
0.0011019
0.00011377
0.0013757
0.00038124
0.0021451
0.0012966
0.0036872
0.0029198
0.0012223
0.00018733
0.0012415
0.0014533
0.0004374
0.00019494
0.00020484
0.0011647
0.0022939
0.0022289
0.00076375
0.0010532
0.00037277
0.00042134
0.00069291
0.00031077
0.00028009
9.1653e-05
0.00032573
0.00013705
0.00069091
0.00027957
7.7582e-05
3.3293e-05
0.0023781
0.0038892
0.00089229
0.0018874
0.00029109
0.00014377
0.0008277
0.0010328
0.00024472
0.0003163
0.00018047
0.00011347
0.0001636
0.0001056
0.00016052
6.473e-05
0.0017757
0.00052917
0.00075776
0.00051355
0.0012601
0.0005916
0.00015977
0.00010604
5.0123e-05
3.1069e-05
3.0845e-05
0.000155
0.0001785
0.0005555
0.00086543
0.00026763
0.00085958
0.0017003
0.0011928
0.000378
0.0016961
0.00032243
0.0004714
0.00015953
0.0010462
0.00012164
0.00013277
0.00060567
0.00052055
0.00011526
0.00040187
0.00027538
4.653e-05
0.00042416
0.00073612
0.0016219
0.00070073
0.0015487
0.00090776
0.00017764
0.00013493
0.00023611
0.0022331
0.00023561
2.7622e-05
0.00066238
0.0001862
0.00084338
0.001481
0.0033693
0.0023493
0.0033633
0.0012875
0.0006977
0.0019462
0.00027915
0.00060079
0.00096354
0.00033953
0.00012719
0.00055396
0.00063946
0.00087098
0.00032242
0.00041401
0.00019788
0.0010869
0.00084595
0.00045845
0.00036235
0.00024606
0.00038032
0.0043058
0.0024066
0.0018941
0.0038955
0.0012953
0.0014554
0.0013828
0.00029761
0.00014166
0.00075653
0.00069356
0.0012151
0.001147
0.0012783
0.00019343
0.0010182
0.0011178
0.0026843
0.001853
0.00079014
0.0001829
0.00050985
0.00083274
0.0011624
0.00039591
8.54e-05
5.2961e-05
0.0008671
0.0023176
0.001321
0.00045904
0.00080319
0.0011998
6.1707e-05
0.00015236
0.00060091
0.00060042
3.1375e-05
3.7257e-05
0.00021063
9.9238e-05
0.00063383
0.00010321
7.1847e-05
0.00011005
2.1334e-05
0.002428
0.0036749
0.0007979
0.0028929
0.00035446
7.9968e-05
0.00083635
0.0008169
0.00019254
6.76e-05
0.00025741
6.6228e-05
0.00016401
6.9641e-05
0.00015694
0.0002267
0.00016664
5.4563e-05
4.9372e-05
0.00011913
5.5792e-05
0.0013294
0.00068231
0.00071052
0.00033137
0.0010326
0.00036927
0.0001034
3.2648e-05
6.9532e-05
4.5619e-05
2.1597e-05
0.00010796
4.6069e-05
9.193e-05
0.0001453
0.00043136
0.00090435
0.00019645
0.0011039
0.0013108
0.0008706
0.0003282
0.0020481
0.00017391
0.00024108
0.00044089
0.00014884
0.00057672
7.65e-05
7.3768e-05
0.0005389
0.00045389
0.00015483
5.6077e-06
0.00053567
0.00028069
0.0014219
0.0013236
0.0015236
0.00090976
0.00012658
4.8627e-05
6.3385e-05
0.00024172
0.0017267
0.00033609
0.00047043
3.3017e-05
0.00051802
0.00073626
0.0010435
0.0032992
0.0040967
0.0027239
0.0010952
0.0003096
0.0018635
0.00025079
0.00021666
0.00016341
0.00010636
0.00090081
0.00038745
0.00086055
0.0002094
0.00064272
0.0011041
0.00098126
0.00077745
0.00012865
0.00010807
0.00089424
0.00021991
0.00074509
0.0041777
0.0030716
0.0018322
0.0040356
0.0012303
0.0012697
0.00044029
1.4995e-05
0.0013107
0.00024266
0.00051087
0.00063472
0.00099885
0.0010876
0.0012843
0.0012322
9.8546e-05
0.0012515
0.0011431
0.0025572
0.0012515
0.0017042
0.00079013
0.00016037
0.00086055
0.00065864
0.0011834
0.00096109
0.000139
0.00014343
0.00068983
0.00092182
0.0024993
0.0010549
0.00025984
0.00063011
0.0011601
0.0011042
7.1604e-05
0.00061907
0.00076236
2.5078e-05
2.3139e-05
5.7449e-05
6.1424e-05
6.5776e-05
0.00039503
0.00020068
0.00014336
2.0069e-05
7.1744e-06
0.0024296
0.0038996
0.00056599
0.0028469
0.00018647
7.7669e-05
0.00097837
0.00071479
8.6513e-05
0.00027988
0.00018033
6.7543e-05
0.000228
5.7428e-05
5.1988e-05
9.1565e-05
6.2792e-05
1.7796e-05
6.1887e-05
0.00010251
0.0002339
0.00012924
6.3762e-05
0.00022218
3.2489e-05
0.0014541
0.0004774
0.00050273
0.00034364
0.00080201
0.00020852
7.155e-05
2.5003e-05
4.0095e-05
3.1908e-05
1.5372e-05
6.5593e-05
3.8737e-05
0.00029423
0.00037054
0.00070801
0.00015164
0.0011274
0.0017031
0.00071454
0.0002111
0.0022984
8.6653e-05
0.00015291
0.00061329
0.00013779
0.00011743
0.00054974
4.044e-05
3.2651e-05
0.00042655
0.00048349
0.00012591
1.8108e-05
0.00033983
0.00082916
0.00069204
1.1784e-05
4.9278e-05
4.7136e-05
8.9987e-05
2.1425e-05
0.00033317
0.0002164
1.4998e-05
0.00011141
0.00056456
0.00062455
5.3564e-05
4.178e-05
0.00020461
0.00013819
3.1067e-05
0.00074239
0.0025175
0.003878
0.0004585
0.0015855
0.00037066
0.00012641
4.7136e-05
0.00015533
4.7136e-05
0.0006524
0.00056456
2.3568e-05
0.00020676
0.00017355
0.00015533
5.7849e-05
0.00024211
6.749e-05
4.0708e-05
8.0345e-05
5.7849e-05
7.9274e-05
1.8212e-05
4.2851e-05
5.035e-05
0.00031174
0.00032674
2.2497e-05
0.00016069
0.0023675
0.00025603
0.00045743
0.0011677
0.00073061
0.00028174
0.00047779
1.3927e-05
8.5702e-06
2.8924e-05
1.0713e-05
2.0354e-05
8.5702e-06
0.00014784
9.1058e-05
2.7853e-05
3.5352e-05
2.9996e-05
0.00021425
0.00012855
0.00023032
0.0021318
0.0010445
0.00066312
0.00015533
0.0027532
0.00025603
5.5706e-05
0.00010606
0.00059456
0.00023782
0.0004028
0.00043708
0.00050457
0.00012641
2.1425e-05
0.00011248
0.00042315
0.00042101
0.00022497
0.00090308
0.00035031
0.00098557
0.0008988
4.8207e-05
0.00042958
0.00088808
0.00068561
0.00033638
3.3209e-05
0.00081952
0.0011677
0.0035673
0.0017247
0.0024425
0.003728
0.0012855
0.0014248
0.001157
0.00091808
0.0011784
0.001067
0.0011891
0.0006042
0.0012748
0.00026353
0.00017569
0.0006824
0.0014355
0.00081417
0.0015748
8.463e-05
0.00083131
0.00020568
3.4281e-05
0.00024639
0.0018212
0.00042637
0.00032138
0.000962
0.0031603
0.001022
0.0015105
0.0034923
0.0011891
0.0015855
0.00025603
0.0010199
0.0020354
0.0010702
0.0014784
0.00070383
0.0001082
0.001082
0.0005892
0.002164
0.00072632
0.0012105
0.00093843
0.00088641
0.00056903
1.6424e-05
4.6675e-05
3.5838e-05
9.1929e-05
1.9711e-05
0.00030557
0.00023882
0.00011091
0.0011895
0.0016003
0.0006675
6.997e-05
0.00095882
0.00021213
0.00098343
3.6125e-05
0.0003167
0.0017901
0.00024209
0.00035232
0.00082279
0.0016336
0.0031292
0.00030079
0.0029389
0.00024058
0.0023145
0.00014333
0.00061372
0.00041619
0.00040817
0.0004199
0.00036319
0.0011498
0.00013591
0.00035397
0.00096649
0.00019268
1.0995e-05
0.00029929
0.0030614
0.00055688
0.0012513
0.0013162
0.0010928
0.0033217
0.0022827
0.0011252
0.0005557
0.0011624
0.00088864
0.0044234
0.0019853
0.00040095
0.0010666
0.0003164
7.0012e-05
0.00014747
3.5277e-05
4.9994e-05
4.255e-05
0.00023786
0.0004358
0.00066515
0.0002146
0.0015766
0.00024363
0.00068116
0.00017532
0.00038112
0.00030379
0.00014998
0.00025872
7.12e-05
5.0598e-05
0.00080915
0.0010787
0.0010264
0.0007502
0.00036574
0.00052885
0.00043463
0.00052675
4.9463e-05
0.00059868
0.00023428
0.001061
4.0705e-05
0.00052463
0.00081236
0.0010925
0.0014149
0.0011824
0.0010724
0.00050921
0.00015495
0.0011812
0.000426
0.00069546
0.00072828
0.00040907
0.0021434
0.0012389
0.00041438
0.000505
0.0013086
4.9198e-05
3.8712e-05
0.00015229
1.353e-05
0.00047614
0.0030176
0.00083257
0.0024197
0.00013639
0.00015117
6.8061e-05
0.00096285
8.0743e-05
0.00024005
0.00018155
0.00061831
0.00019376
0.00034365
0.00048849
9.1473e-05
6.7425e-05
3.8701e-05
2.4896e-05
