4.9358	1	0.529	0	1.697
5.516	1	0.49432	0	1.74
7.1086	1	0.46761	0	1.543
6.8395	1	0.42654	0	1.517
8.9284	1	0.45249	0	1.352
7.1531	1	0.45087	0	1.552
9.8568	1	0.564	0	1.553
11.269	1	0.73137	0	1.972
12.136	1	0.71901	0	1.848
12.97	1	0.72832	0	1.778
15	1	0.73248	0	1.724
16.044	1	0.72939	0	1.719
18.23	1	0.78075	0	1.814
19.168	1	0.71651	0	1.701
5.1605	1	0.41938	0	1.988
5.9383	1	0.48723	0	1.62
6.6099	1	0.45171	0	1.512
7.2123	1	0.46865	0	1.456
8.4346	1	0.70241	0	1.442
7.6444	1	0.38853	0	1.274
7.9827	1	0.38853	0	1.274
8.3728	1	0.38564	0	1.264
10.207	1	0.63119	0	1.315
13.662	1	0.84322	0	1.683
10.346	1	0.65931	0	1.374
11.573	1	0.77528	0	1.49
12.123	1	0.77278	0	1.702
4.9259	1	0.49505	0	2.095
6.0494	1	0.43103	0	1.752
6.7333	1	0.41391	0	1.487
6.8568	1	0.44684	0	1.451
6.684	1	0.45101	0	1.388
8.1432	1	0.38615	0	1.239
10.427	1	0.67901	0	1.399
4.7383	1	0.38481	0	2.037
5.5185	1	0.38417	0	1.915
6.5975	1	0.4643	0	1.538
7.1877	1	0.49777	0	1.557
8.1185	1	0.38095	0	1.311
8.8741	1	0.37685	0	1.297
9.7062	1	0.60286	0	1.301
13.074	1	0.82023	0	1.843
18.319	1	0.71964	0	1.869
21.76	1	0.72956	0	1.771
5.637	1	0.38285	0	1.912
6.8593	1	0.44919	0	1.482
8.121	1	0.7205	0	1.49
9.5259	1	0.59568	0	1.378
11.047	1	0.59825	0	1.465
7.4049	1	0.44588	0	1.676
9.8395	1	0.57831	0	1.555
11.98	1	0.71636	0	1.674
13.474	1	0.77399	0	1.726
5.9062	1	0.44092	0	1.665
6.5531	1	0.41528	0	1.499
6.7506	1	0.44629	0	1.44
7.7679	1	0.39136	0	1.274
6.1432	1	0.62018	0	1.57
7.2222	1	0.44906	0	1.49
7.5235	1	0.45828	0	1.442
9.3086	1	0.6132	0	1.321
10.395	1	0.66461	0	1.379
11.252	1	0.7766	0	1.558
7.642	1	0.46577	0	1.979
8.8765	1	0.48791	0	1.782
6.037	1	0.37388	0	2.096
4.2864	1	0.42848	0	2.514
5.2346	1	0.43935	0	2.22
3.8395	1	0.27778	0	2.507
5.1383	1	0.37594	0	2.192
3.4444	1	0.24375	0	2.549
5.4198	1	0.43672	0	2.285
13.116	1	0.40972	0	1.67
13.38	1	0.39851	0	1.636
15.748	1	0.52526	0	1.376
18.442	1	0.62262	0	1.483
4.6988	1	0.33353	0	2.348
8.5877	1	0.36436	0	1.876
8.8765	1	0.43082	0	2.05
16.037	1	0.6345	0	1.755
4.5556	1	0.29365	0	2.295
8.3333	1	0.3494	0	1.908
4.921	1	0.45013	0	2.323
5.3086	1	0.4977	0	2.147
5.6296	1	0.46753	0	2.066
7.0346	1	0.38786	0	1.594
6.4148	1	0.42731	0	2.099
4.5556	1	0.31915	0	2.42
6.4173	1	0.24063	0	2.229
7.4049	1	0.32829	0	1.852
8.321	1	0.37611	0	1.962
10.235	1	0.44133	0	1.872
4.7823	1	0.40096	0	1.946
5.4187	1	0.37161	0	1.867
6.7153	1	0.34771	0	1.697
6.6603	1	0.31536	0	1.84
9.2943	1	0.42409	0	1.434
9.4689	1	0.35706	0	1.305
10.785	1	0.51067	0	1.227
11.699	1	0.49834	0	1.146
12.318	1	0.57564	0	1.175
14.206	1	0.46828	0	1.099
15.287	1	0.46199	0	1.082
17.297	1	0.50192	0	1.032
18.27	1	0.45286	0	1.082
4.9282	1	0.37071	0	2.067
5.6914	1	0.36888	0	1.74
6.3062	1	0.34332	0	1.636
6.5311	1	0.35245	0	1.557
8.0431	1	0.47062	0	1.598
7.3541	1	0.2852	0	1.582
7.6651	1	0.28542	0	1.367
8.0598	1	0.28004	0	1.342
9.5909	1	0.40709	0	1.183
13.091	1	0.62208	0	1.502
9.6914	1	0.46398	0	1.244
11.639	1	0.51903	0	1.195
5.3421	1	0.40155	0	2.086
5.7895	1	0.35026	0	1.87
6.6746	1	0.35831	0	1.56
6.5096	1	0.32836	0	1.501
8.6555	1	0.39113	0	1.304
9.7967	1	0.4397	0	1.238
4.689	1	0.26201	0	2.115
5.2512	1	0.37998	0	2.34
6.3182	1	0.27917	0	1.57
6.4091	1	0.34173	0	1.795
6.8541	1	0.35591	0	1.706
7.7656	1	0.27681	0	1.442
8.4617	1	0.27357	0	1.427
9.3062	1	0.37638	0	1.249
12.663	1	0.48479	0	1.08
16.215	1	0.45409	1	1.149
17.469	1	0.4518	1	1.331
20.67	1	0.4424	1	1.132
5.7368	1	0.53478	0	2.018
6.8014	1	0.40533	0	1.445
7.2153	1	0.4997	0	1.446
9.0742	1	0.3941	0	1.232
10.749	1	0.47424	0	1.343
7.3349	1	0.46471	0	1.52
9.445	1	0.38214	0	1.292
11.5	1	0.50585	0	1.237
12.778	1	0.55018	0	1.189
5.6531	1	0.35714	0	1.865
6.4833	1	0.36184	0	1.591
6.4067	1	0.33537	0	1.528
8.2871	1	0.39062	0	1.309
5.8708	1	0.36925	0	1.735
6.7321	1	0.33649	0	1.565
8.1077	1	0.39851	0	1.253
6.7895	1	0.34711	0	1.583
8.8828	1	0.38517	0	1.299
9.9737	1	0.43144	0	1.24
10.177	1	0.52826	0	1.759
7.6435	1	0.41919	0	1.997
13.289	1	0.66294	0	1.625
6.0478	1	0.30389	0	1.873
4.7273	1	0.42848	0	2.514
5.8756	1	0.45076	0	2.246
4.8038	1	0.2792	0	2.455
5.4904	1	0.35714	0	2.384
6.9258	1	0.43062	0	2.139
14.993	1	0.39557	0	1.627
15.342	1	0.38625	0	1.597
17.268	1	0.49699	0	1.523
22.734	1	0.46367	1	1.518
4.9019	1	0.39957	0	2.198
8.9354	1	0.38812	0	1.847
8.9833	1	0.43082	0	2.122
17.344	1	0.63677	0	1.831
5.4904	1	0.3561	0	2.124
9.0789	1	0.37255	0	1.774
5.2177	1	0.45013	0	2.323
5.7057	1	0.447	0	2.293
6.1459	1	0.42082	0	2.137
4.7823	1	0.31915	0	2.42
6.5766	1	0.24063	0	2.229
7.8349	1	0.32829	0	1.78
8.5885	1	0.37452	0	1.833
10.455	1	0.43329	0	1.654
4.7252	1	0.3785	0	1.807
5.277	1	0.35039	0	1.817
6.5068	1	0.34868	0	1.681
6.4257	1	0.30404	0	1.598
10.047	1	0.39862	1	1.481
5.9189	1	0.31726	0	1.703
6.8851	1	0.39683	0	1.33
9.0045	1	0.35427	0	1.223
9.8874	1	0.40425	0	1.161
11.099	1	0.49116	0	1.128
11.759	1	0.55729	0	1.134
13.599	1	0.44418	0	1.106
14.64	1	0.44132	0	1.098
16.577	1	0.48156	0	0.981
17.489	1	0.4312	0	1.095
4.7005	1	0.32447	0	2.053
5.4212	1	0.32626	0	1.749
6.2635	1	0.32062	0	1.622
7.6914	1	0.39052	0	1.54
7.3131	1	0.25674	0	1.421
8.4505	1	0.35041	0	1.256
9.1532	1	0.3592	0	1.238
12.691	1	0.57126	0	1.455
9.4167	1	0.44048	0	1.179
11.255	1	0.49369	0	1.172
5.4887	1	0.40587	0	2.097
5.6396	1	0.32646	0	1.799
6.7815	1	0.47544	0	1.459
6.4572	1	0.30523	0	1.488
8.3986	1	0.3881	0	1.315
9.5	1	0.42289	0	1.249
4.5518	1	0.25532	0	2.16
5.1914	1	0.30446	0	1.976
6.0833	1	0.2572	0	1.52
6.2162	1	0.3172	0	1.701
6.6351	1	0.31635	0	1.698
8.1216	1	0.38926	0	1.315
8.9144	1	0.38471	0	1.299
15.894	1	0.42701	1	1.113
16.833	1	0.43375	1	1.177
20.234	1	0.4238	1	1.098
5.3311	1	0.30724	0	2.111
6.3536	1	0.25323	0	1.601
7.5946	1	0.4947	0	1.417
8.9212	1	0.38107	0	1.207
10.468	1	0.38195	0	1.312
5.9482	1	0.31447	0	1.692
7.0653	1	0.47544	0	1.378
8.9887	1	0.37709	0	1.275
10.946	1	0.49757	0	1.216
12.255	1	0.53717	0	1.159
5.5113	1	0.33159	0	1.789
6.6104	1	0.47771	0	1.489
6.3604	1	0.30435	0	1.484
8.0518	1	0.3881	0	1.283
5.5878	1	0.3201	0	1.725
6.5721	1	0.27739	0	1.488
6.5203	1	0.31656	0	1.691
8.491	1	0.35427	0	1.295
9.3761	1	0.39234	0	1.147
10.322	1	0.57143	0	1.193
4.9437	1	0.42848	0	2.514
6.7455	1	0.42712	0	2.133
6.1689	1	0.26332	0	2.462
5.1779	1	0.27298	0	2.342
5.7185	1	0.36801	0	2.294
4.8423	1	0.32552	0	2.598
5.8446	1	0.31605	0	2.39
16.14	1	0.39865	0	1.561
16.633	1	0.39333	0	1.544
21.831	1	0.39574	1	1.767
31.378	1	0.49441	1	1.631
5.8806	1	0.35579	0	2.215
9.527	1	0.32	0	1.796
10.471	1	0.35531	0	2.213
18.466	1	0.53196	0	1.916
5.8514	1	0.344	0	2.11
8.6599	1	0.42339	0	1.757
5.9662	1	0.30851	0	2.525
5.4707	1	0.43564	0	2.29
6.0338	1	0.41901	0	2.1
7.1149	1	0.41738	0	2.073
7.4977	1	0.44689	0	1.798
8.1059	1	0.32409	0	1.838
13.232	1	0.42014	0	1.616
9.7748	1	0.40687	0	1.828
5.0325	1	0.3775	0	1.804
5.7282	1	0.35298	0	1.826
6.0832	1	0.34855	0	1.711
6.1907	1	0.29197	0	1.546
9.2475	1	0.38951	1	1.508
6.2069	1	0.30713	0	1.672
7.7809	1	0.3856	0	1.295
8.8337	1	0.34586	0	1.192
11.517	1	0.45932	0	1.019
16.43	1	0.40739	0	1.067
18.479	1	0.42339	0	0.913
5.0811	1	0.31659	0	1.984
5.7627	1	0.31328	0	1.667
6.4138	1	0.4382	0	1.371
7.8803	1	0.36933	0	1.436
8.3874	1	0.34483	0	1.225
12.337	1	0.5893	0	1.463
5.712	1	0.39627	0	2.084
6.0061	1	0.31097	0	1.739
6.3753	1	0.46512	0	1.46
6.6349	1	0.29915	0	1.462
6.5152	1	0.30259	0	1.422
5.1258	1	0.33727	0	1.854
5.7282	1	0.29463	0	1.937
6.7931	1	0.24581	0	1.48
6.357	1	0.33588	0	1.797
8.8641	1	0.3801	0	1.174
14.868	1	0.45596	1	1.135
15.83	1	0.46324	1	1.115
16.71	1	0.40104	1	1.103
20.677	1	0.41029	1	1.012
4.6329	1	0.30227	0	1.968
6.5842	1	0.22951	0	1.405
9.5456	1	0.38073	0	1.167
6.2292	1	0.30562	0	1.727
7.8458	1	0.45872	0	1.277
8.8702	1	0.40946	0	1.139
12.034	1	0.48957	0	0.999
5.9675	1	0.31301	0	1.733
6.5963	1	0.45455	0	1.406
6.5436	1	0.2983	0	1.423
9.4828	1	0.42334	0	1.114
5.9249	1	0.31556	0	1.676
6.5639	1	0.27563	0	1.43
6.7647	1	0.3046	0	1.787
8.499	1	0.40755	0	1.175
10.012	1	0.54932	0	1.175
7.3002	1	0.41488	0	2.003
6.4686	1	0.41592	0	2.039
5.5984	1	0.25521	0	2.382
6.1379	1	0.32742	0	2.048
4.8174	1	0.32099	0	2.616
17.079	1	0.32895	0	1.623
17.677	1	0.2013	0	2.015
22.211	1	0.39039	1	1.554
32.089	1	0.46036	1	1.445
6.4402	1	0.34868	0	1.872
9.7972	1	0.31429	0	1.846
10.953	1	0.34993	0	2.12
24.087	1	0.61771	0	1.846
5.6694	1	0.31205	0	2.159
9.8337	1	0.41048	0	1.742
6.6876	1	0.29975	0	2.303
5.3732	1	0.31707	0	2.347
5.8398	1	0.40083	0	2.05
6.7931	1	0.4	0	1.902
7.6146	1	0.43262	0	1.758
5.3245	1	0.25123	0	2.476
8.3367	1	0.36585	0	2.117
8.3164	1	0.30444	0	1.796
10.02	1	0.37795	1	1.796
14.189	1	0.40191	1	1.668
5.2007	1	0.33408	0	1.9
5.8067	1	0.3471	0	1.8
6.132	1	0.3005	0	1.8
6.4164	1	0.30675	0	1.6
7.1747	1	0.36829	0	1.9
6.4368	1	0.32924	0	1.6
7.3309	1	0.29491	0	1.6
8.868	1	0.37887	0	1.2
11.526	1	0.43561	0	1.1
11.933	1	0.45164	0	1.2
16.359	1	0.36922	1	1.1
15.571	1	0.3735	1	1.1
18.467	1	0.37197	1	1.1
5.1784	1	0.32298	0	1.9
5.9647	1	0.3176	0	1.6
6.6357	1	0.29159	0	1.9
6.5799	1	0.30693	0	1.6
7.8978	1	0.36924	0	1.3
8.4535	1	0.34376	0	1.2
12.634	1	0.48063	0	1.3
9.4275	1	0.45283	0	1.3
9.0223	1	0.39414	0	1.1
5.7639	1	0.36659	0	2
6.0762	1	0.31046	0	1.7
6.7677	1	0.26426	0	1.4
9.1134	1	0.4557	0	1.3
8.5595	1	0.42056	0	1.1
5.1468	1	0.33267	0	1.8
5.6896	1	0.25484	0	1.7
7.355	1	0.36516	0	1.1
6.5595	1	0.31203	0	1.8
6.9814	1	0.23416	0	1.7
8.8606	1	0.3611	0	1.1
8.7584	1	0.33575	0	1.1
14.314	1	0.39648	1	1
16.439	1	0.42448	1	1
17.948	1	0.39396	1	1
20.599	1	0.37707	1	1
5.9275	1	0.33267	0	1.8
6.0781	1	0.23489	0	1.7
7.1041	1	0.22838	0	1.7
7.6729	1	0.36891	0	1.1
9.6989	1	0.36027	0	1.1
9.5074	1	0.3501	0	1
7.1989	1	0.38075	0	1.9
6.4126	1	0.31241	0	1.6
7.0967	1	0.28158	0	1.6
8.8736	1	0.39027	0	1.4
11.322	1	0.40059	0	1.2
12.125	1	0.46266	0	1.1
6.0279	1	0.31987	0	1.8
6.0353	1	0.3125	0	1.8
6.6747	1	0.26499	0	1.4
8.4851	1	0.42254	0	1.2
5.723	1	0.31212	0	1.9
6.1413	1	0.31484	0	1.6
6.7138	1	0.28158	0	1.6
6.9015	1	0.3101	0	1.6
8.5725	1	0.39107	0	1.2
9.8439	1	0.45883	0	1.2
12.444	1	0.51776	0	1.9
11.435	1	0.37505	0	1.8
9.0149	1	0.39745	0	2.1
11.041	1	0.29697	0	1.9
16.909	1	0.40553	0	1.4
5.7416	1	0.40302	0	2.7
7.5818	1	0.39239	0	2.2
6.7639	1	0.38766	0	2.2
5.6673	1	0.24747	0	2
8.7119	1	0.36287	0	1.6
7.6059	1	0.34959	0	1.6
5.2026	1	0.31417	0	2.7
5.5706	1	0.29698	0	2.1
8.3587	1	0.39783	0	1.4
18	1	0.37942	0	1.6
18.236	1	0.2	0	2.4
22.665	1	0.23054	1	2.4
23.71	1	0.37791	1	1.5
34.076	1	0.45627	1	1.1
6.7751	1	0.35244	0	1.9
10.428	1	0.30769	0	2
11.71	1	0.33882	0	2.1
23.875	1	0.61771	0	1.8
10.033	1	0.4142	0	2.1
6.039	1	0.28431	0	2.5
5.7416	1	0.33799	0	2.1
7.0428	1	0.36879	0	1.9
6.8662	1	0.38882	0	1.8
6.1245	1	0.25123	0	2.2
8.6431	1	0.34634	0	2.3
6.4498	1	0.38738	0	2.4
10.214	1	0.33735	0	1.6
13.931	1	0.39877	0	1.5
5.0773	1	0.32479	0	1.7
5.6221	1	0.30293	0	1.7
6.1494	1	0.28902	0	1.7
6.3743	1	0.2647	0	1.5
6.8594	1	0.38502	0	1.8
6.3427	1	0.33506	0	1.6
7.2144	1	0.29404	0	1.6
8.3427	1	0.26379	0	1.6
11.471	1	0.44172	0	1.2
11.947	1	0.45244	0	1.2
21.931	1	0.42533	1	1.5
16.283	1	0.37059	1	1.2
18.605	1	0.37365	1	1.2
5.0949	1	0.27807	0	2.7
5.2443	1	0.28653	0	2.1
5.7698	1	0.32599	0	1.8
5.9033	1	0.26667	0	2.1
6.6116	1	0.30693	0	1.7
8.2127	1	0.35833	0	1.4
8.2707	1	0.34344	0	1.3
13.366	1	0.5225	0	1.3
9.4763	1	0.42373	0	1.1
8.775	1	0.38976	0	1.3
5.8717	1	0.37986	0	2.4
5.7909	1	0.32573	0	1.9
5.9244	1	0.31348	0	1.8
6.6257	1	0.27586	0	1.8
6.5659	1	0.27816	0	1.8
7.7118	1	0.36058	0	1.3
5.0879	1	0.37551	0	2.4
5.6046	1	0.28194	0	2.2
7.3919	1	0.37922	0	1.3
6.1951	1	0.34354	0	2.4
6.6749	1	0.25568	0	2.2
8.5747	1	0.3646	0	1.3
8.3515	1	0.35324	0	1.3
13.691	1	0.42013	1	1.2
16.332	1	0.3974	1	1.2
19.438	1	0.39992	1	1.2
5.8664	1	0.36292	0	2.4
6.7909	1	0.25601	0	2.2
5.819	1	0.28174	0	2.2
9.007	1	0.36468	0	1.3
8.8981	1	0.40359	0	1.3
6.8225	1	0.36752	0	1.8
6.1757	1	0.32854	0	1.7
7.0879	1	0.28455	0	1.7
8.6432	1	0.39729	0	1.4
11.281	1	0.4101	0	1.3
12.111	1	0.45803	0	1.2
5.58	1	0.39336	0	2.5
5.7575	1	0.32787	0	1.9
5.9033	1	0.31348	0	1.8
6.5606	1	0.27586	0	1.8
7.6432	1	0.36232	0	1.3
5.3849	1	0.287	0	2.1
6.0299	1	0.26385	0	2.1
5.9069	1	0.33629	0	1.7
6.7012	1	0.29255	0	1.7
6.8647	1	0.32516	0	1.7
8.4323	1	0.39526	0	1.4
12.891	1	0.44981	0	1.9
12.478	1	0.36349	0	2
9.2267	1	0.38067	0	2.4
11.547	1	0.40285	0	1.8
18.612	1	0.55172	1	1.5
7.2355	1	0.34222	0	1.8
5.7012	1	0.40984	0	2.9
7.4851	1	0.45929	0	2.3
6.6766	1	0.40069	0	2.3
5.9402	1	0.32124	0	2
10.121	1	0.3945	0	1.8
7.7873	1	0.36211	0	1.8
4.7961	1	0.32298	0	2.8
7.0211	1	0.34119	0	3.8
5.6151	1	0.29224	0	2.1
8.6028	1	0.39711	0	1.8
19.093	1	0.38374	0	1.7
19.32	1	0.20163	0	2.3
24.705	1	0.22747	1	2.2
25.125	1	0.38179	1	1.4
36.36	1	0.45627	1	1.1
5.768	1	0.3639	0	2.2
14.095	1	0.21459	0	2.7
12.742	1	0.39529	0	2
24.332	1	0.67819	0	1.8
6.8524	1	0.34269	0	2.3
11.42	1	0.41176	0	2.1
5.8858	1	0.28571	0	2.9
5.7786	1	0.3304	0	2.4
7.0808	1	0.35985	0	2
7.2847	1	0.37328	0	2
10.165	1	0.37961	0	1.5
6.1494	1	0.26744	0	2.2
9.2707	1	0.35714	0	2.4
7.0914	1	0.37927	0	2.9
8.7786	1	0.36655	0	2.9
11.591	1	0.33696	0	1.7
14.851	1	0.39133	0	1.5
5.3597	1	0.31201	0	2.1
5.6914	1	0.28995	0	1.8
6.0215	1	0.27883	0	1.8
7.5066	1	0.26394	0	1.5
6.5693	1	0.37433	0	1.8
6.3119	1	0.31857	0	1.6
7.2013	1	0.2844	0	1.6
8.4043	1	0.29966	0	1.7
11.33	1	0.4064	0	1.4
12.142	1	0.40962	0	1.5
22.045	1	0.42939	1	1.4
18.46	1	0.36327	1	1.1
4.9488	1	0.30032	0	2.8
5.3614	1	0.3416	0	2.4
5.8284	1	0.34657	0	1.9
5.8746	1	0.32558	0	2.4
6.4934	1	0.3032	0	1.8
6.7871	1	0.32651	0	1.8
8.198	1	0.37643	0	1.6
14.271	1	0.52204	0	1.4
8.6205	1	0.4073	0	1.3
8.9406	1	0.46972	0	1.1
5.6469	1	0.40194	0	2.9
5.9917	1	0.30912	0	2
6.5809	1	0.30096	0	1.7
8.4125	1	0.37227	0	1.3
8.4175	1	0.4073	0	1.5
5.1139	1	0.38478	0	2.6
5.6023	1	0.33253	0	2.1
6.1089	1	0.33879	0	2.3
6.7954	1	0.30246	0	2.1
8.9356	1	0.37325	0	1.3
8.0363	1	0.4124	0	1.4
8.3548	1	0.33274	0	1.5
18.977	1	0.27	1	1.6
15.901	1	0.3668	1	1.3
18.805	1	0.38478	1	1.3
5.6733	1	0.37569	0	3.7
5.9686	1	0.44698	0	1.7
6.8548	1	0.30255	0	2.1
7.9736	1	0.33393	0	1.5
9.0693	1	0.39991	0	1.3
6.2739	1	0.31437	0	2.4
6.2657	1	0.33207	0	1.6
7.2393	1	0.29022	0	1.6
8.5891	1	0.30242	0	1.7
11.198	1	0.44655	0	1.6
13.422	1	0.43159	0	1.3
5.5759	1	0.39336	0	2.6
5.9719	1	0.30912	0	2
6.5083	1	0.30096	0	1.7
7.7178	1	0.34982	0	1.3
5.4538	1	0.33871	0	2.4
6.038	1	0.32682	0	2.6
6.802	1	0.32061	0	1.7
6.7558	1	0.28862	0	1.6
7.0462	1	0.32169	0	1.6
8.4488	1	0.35489	0	1.6
12.533	1	0.41636	0	1.9
11.799	1	0.36963	0	1.8
9.1568	1	0.37864	0	2.4
13.185	1	0.41509	0	2
20.619	1	0.51163	0	1.4
7.2162	1	0.3661	0	1.8
5.8729	1	0.41688	0	2.9
6.929	1	0.39931	0	2.3
6.0215	1	0.38314	0	2.9
9.0743	1	0.45854	0	1.7
4.5858	1	0.32298	0	2.8
6.8399	1	0.34818	0	3.8
5.6799	1	0.32124	0	2.3
7.5314	1	0.36211	0	1.9
10.091	1	0.3945	0	1.8
21.261	1	0.38436	0	1.7
21.04	1	0.2013	0	2.5
27.376	1	0.22747	1	2.3
28.241	1	0.40235	1	1.4
41.652	1	0.4586	1	1.3
12.145	1	0.29139	0	2.8
14.29	1	0.22684	0	2.8
15.503	1	0.40529	0	1.7
24.744	1	0.67819	0	1.5
5.5198	1	0.33765	0	2.5
7.3432	1	0.33803	0	2.2
11.383	1	0.39326	0	1.8
5.7739	1	0.33005	0	2.8
5.6155	1	0.28224	0	3.6
7.1188	1	0.21145	0	3.9
7.1436	1	0.35985	0	2.1
7.3911	1	0.37549	0	2.1
6.104	1	0.24147	0	2.3
9.0743	1	0.36449	0	2.4
8.7376	1	0.37606	0	2.9
11.378	1	0.34363	0	1.8
16.246	1	0.38869	0	1.5
5.8113	1	0.31299	0	2.2
5.9034	1	0.29042	0	2
6.2086	1	0.28151	0	1.8
7.4371	1	0.32275	0	1.6
6.3589	1	0.39208	0	1.6
6.319	1	0.32468	0	1.8
6.9325	1	0.34837	0	1.9
8.4908	1	0.30532	0	1.7
11.397	1	0.41555	0	1.5
14.147	1	0.41881	0	1.5
22.561	1	0.4068	1	1.4
19.02	1	0.3669	1	1
5.773	1	0.30958	0	3
5.7929	1	0.34668	0	1.8
5.5706	1	0.33482	0	1.9
6.5629	1	0.31603	0	1.9
6.7699	1	0.33333	0	1.8
7.339	1	0.34539	0	1.6
14.793	1	0.54396	0	1.4
7.7607	1	0.32353	0	1.7
8.9126	1	0.38557	0	1.4
9.0307	1	0.42601	0	1.1
6.0982	1	0.34965	0	2.5
6.3773	1	0.37915	0	3.4
5.9985	1	0.31496	0	2
6.6626	1	0.30261	0	1.7
9.2807	1	0.32854	0	2.9
7.9555	1	0.31746	0	1.7
6.3512	1	0.39192	0	3.4
4.8144	1	0.37915	0	2.5
5.6902	1	0.33716	0	2.3
5.865	1	0.33742	0	2.3
6.7331	1	0.3107	0	2.1
8.0092	1	0.34607	0	1.5
8.4325	1	0.34297	0	1.5
19.216	1	0.35382	1	1.6
15.945	1	0.35622	1	1.3
18.893	1	0.36348	1	1.3
5.8742	1	0.36835	0	2.5
5.9248	1	0.33665	0	2.3
6.8359	1	0.3127	0	2.1
7.9433	1	0.34823	0	1.5
9.1242	1	0.33503	0	1.3
6.2807	1	0.37688	0	1.6
6.2791	1	0.33408	0	1.6
6.9678	1	0.34202	0	1.6
8.6411	1	0.30444	0	1.7
11.275	1	0.44678	0	1.5
14.436	1	0.4109	0	1.3
6.0982	1	0.34965	0	2.3
6.4509	1	0.38161	0	2.9
5.9801	1	0.31496	0	2
9.3359	1	0.4277	0	2.9
6.635	1	0.30261	0	1.8
5.5061	1	0.31931	0	2.4
6.1227	1	0.33133	0	1.6
6.9202	1	0.3446	0	1.6
12.479	1	0.31537	0	2.1
7.1656	1	0.4577	0	1.7
7.0445	1	0.32268	0	1.6
7.4847	1	0.3386	0	1.6
13.466	1	0.39799	0	1.5
9.362	1	0.37864	0	2.3
32.768	1	0.46579	1	1.4
6.408	1	0.41688	0	3.6
7.6043	1	0.4863	0	2.5
6.6227	1	0.38314	0	2.8
11.132	1	0.60416	0	1.6
5.6672	1	0.32124	0	2
7.661	1	0.36211	0	1.7
4.9923	1	0.32298	0	2.9
7.8206	1	0.34818	0	3.3
4.8236	1	0.26943	0	3.5
23.021	1	0.20195	0	1.7
22.81	1	0.2013	0	2.6
29.325	1	0.22747	0	2.2
30.232	1	0.40235	0	1.4
44.704	1	0.4586	1	1.2
11.488	1	0.29139	0	1.7
18.397	1	0.40529	0	2
31.863	1	0.74298	0	1.5
43.712	1	0.69656	0	1.2
9.1994	1	0.4251	0	2.2
5.9494	1	0.31785	0	3.1
6.2393	1	0.34169	0	2.8
7.5291	1	0.35225	0	2
8.066	1	0.4	0	2
11.333	1	0.40104	1	2
7.4218	1	0.36317	0	2.6
9.3175	1	0.36449	0	2.3
9.3482	1	0.37606	0	2.5
8.7347	1	0.22341	0	2.1
10.959	1	0.34375	0	1.9
15.713	1	0.38596	1	1.5
5.4954	1	0.33765	0	2.6
5.3072	1	0.32141	0	2.2
6.1832	1	0.30623	0	1.8
6.9408	1	0.31918	0	1.7
6.281	1	0.38546	0	1.6
6.2025	1	0.3967	0	1.6
6.916	1	0.34392	0	1.8
7.4477	1	0.34665	0	1.8
8.416	1	0.33247	0	1.8
12.229	1	0.40459	0	1.5
14.716	1	0.41234	0	1.6
22.347	1	0.4067	1	1.4
20.204	1	0.44831	1	1.4
5.6088	1	0.3403	0	2.9
5.5854	1	0.36175	0	1.9
5.303	1	0.34924	0	2.4
6.77	1	0.31459	0	2.2
7.1116	1	0.34796	0	1.8
7.3457	1	0.30931	0	2.2
16.96	1	0.57829	0	1.3
7.5468	1	0.3003	0	1.8
8.7287	1	0.36685	0	1.6
8.8223	1	0.31161	0	1.7
6.1556	1	0.32787	0	2.5
6.1846	1	0.39604	0	3.3
6.2204	1	0.32103	0	1.8
8.3182	1	0.36735	0	1.6
8.9353	1	0.33195	0	2.6
7.3499	1	0.3003	0	1.8
8.9972	1	0.30856	0	1.7
6.1887	1	0.38984	0	2.8
4.73	1	0.37784	0	2.2
5.8127	1	0.34591	0	2
6.1901	1	0.36199	0	1.8
6.5868	1	0.31311	0	1.8
7.7975	1	0.34599	0	1.4
8.7163	1	0.34164	0	1.4
18.957	1	0.35288	1	1.4
16.657	1	0.34201	1	1.2
18.968	1	0.34648	1	1.2
5.6529	1	0.36304	0	2.2
6.7107	1	0.34537	0	2
6.0193	1	0.34109	0	2
6.668	1	0.3118	0	1.8
7.6088	1	0.34608	0	1.4
8.7975	1	0.36267	0	1.5
5.8884	1	0.33457	0	2.4
5.8967	1	0.36883	0	1.8
6.9394	1	0.37338	0	1.8
8.5565	1	0.3297	0	1.8
12.114	1	0.41558	1	1.5
14.751	1	0.44224	1	1.6
6.095	1	0.40462	0	3.4
6.1556	1	0.32787	0	2.5
6.4008	1	0.36667	0	2.8
6.2039	1	0.32103	0	1.8
8.9339	1	0.43568	0	2.6
6.8926	1	0.35253	0	2.4
5.77	1	0.36198	0	1.7
7.0716	1	0.37804	0	1.8
7.2452	1	0.35309	0	1.6
7.5124	1	0.36788	0	1.8
13.395	1	0.39283	0	1.6
8.8774	1	0.37864	0	2.3
21.357	1	0.50904	1	1.7
13.409	1	0.43478	0	1.9
6.3209	1	0.3318	0	2.7
6.6515	1	0.33679	0	2.7
7.2713	1	0.47475	0	2.4
11.197	1	0.584	0	2
5.1997	1	0.31606	0	2.1
6.1928	1	0.345	0	2.8
8.4449	1	0.35685	0	2.3
10.924	1	0.38393	0	2
5.0262	1	0.32298	0	2.8
8.7672	1	0.30867	0	2.6
8.8774	1	0.34188	0	2.5
7.5689	1	0.31128	0	2.5
9.9105	1	0.42553	0	1.7
5.5028	1	0.33248	0	3
23.099	1	0.2013	0	2.7
29.61	1	0.22747	0	2.3
31.602	1	0.40117	0	1.4
46.526	1	0.46632	0	1.2
11.074	1	0.29043	0	1.7
12.452	1	0.2254	0	2.8
20.11	1	0.40529	0	1.7
31.625	1	0.74298	0	1.5
45.296	1	0.69656	0	1.1
5.365	1	0.32639	0	2.6
9.3636	1	0.4251	0	1.9
12.876	1	0.40892	0	1.9
6.3072	1	0.3163	0	2.9
5.8581	1	0.28348	0	3.1
7.8774	1	0.35573	0	1.8
8.1253	1	0.3629	0	1.8
11.404	1	0.38352	1	1.8
9.3664	1	0.22341	0	2
9.7658	1	0.37606	0	2.4
8.0014	1	0.37368	0	2.5
10.218	1	0.36449	0	2.3
10.31	1	0.34339	0	1.9
15.282	1	0.34153	0	1.5
5.4672	1	0.31847	0	2.2
6.3337	1	0.33186	0	2.2
6.5619	1	0.31776	0	1.7
9.0024	1	0.28986	0	1.6
6.324	1	0.39942	0	1.5
6.6602	1	0.36916	0	2.4
7.1092	1	0.35415	0	1.6
7.8956	1	0.35313	0	1.6
8.4223	1	0.32651	0	1.8
11.626	1	0.34936	1	1.7
14.126	1	0.44041	1	1.5
24.851	1	0.26847	1	2.1
18.888	1	0.36657	1	1.3
19.589	1	0.38098	1	1.4
5.7476	1	0.3418	0	2.6
6.7379	1	0.36931	0	2.4
5.3799	1	0.32862	0	2.2
6.8167	1	0.38321	0	2
7.091	1	0.35736	0	2
7.9175	1	0.37049	0	1.9
16.948	1	0.59264	1	1.4
7.9102	1	0.27273	0	1.7
8.4684	1	0.27523	0	1.7
6.8944	1	0.31026	0	2.3
5.3762	1	0.38674	0	3.7
6.2646	1	0.28436	0	1.7
7.8908	1	0.39252	0	2.1
7.5267	1	0.27273	0	1.7
8.0643	1	0.27439	0	1.7
8.6517	1	0.25245	0	1.6
6.1068	1	0.38818	0	2.6
4.9964	1	0.37021	0	2.4
6.0813	1	0.33859	0	2.3
6.7888	1	0.3594	0	2.1
6.8738	1	0.3123	0	1.9
8.6371	1	0.3741	0	1.7
8.2718	1	0.36883	0	1.8
19.01	1	0.36056	1	1.5
20.256	1	0.32347	1	1.7
5.7816	1	0.609	0	2.4
6.8835	1	0.56884	0	2.1
6.2597	1	0.33245	0	2.3
6.9794	1	0.28717	0	1.9
8.7197	1	0.37271	0	1.7
5.7646	1	0.33886	0	2.4
6.8835	1	0.37083	0	2.4
7.432	1	0.35842	0	1.6
8.3799	1	0.32758	0	1.8
11.55	1	0.39588	1	1.7
12.399	1	0.27712	1	1.5
5.3762	1	0.38674	0	3.5
6.7063	1	0.31026	0	2.3
5.568	1	0.3658	0	2.9
6.25	1	0.28436	0	1.7
7.8022	1	0.39252	0	2.1
8.1808	1	0.17045	0	1.6
5.6104	1	0.33039	0	2.2
6.6323	1	0.36058	0	2.4
6.9879	1	0.36184	0	2.1
7.2184	1	0.35179	0	2
8.6978	1	0.33065	0	2
8.0352	1	0.36636	0	2
16.984	1	0.45621	0	1.9
12.864	1	0.39253	0	1.7
13.835	1	0.25534	0	2.7
10.765	1	0.34894	0	2.2
24.454	1	0.55247	1	1.8
14.333	1	0.43894	1	2.5
35.127	1	0.50714	1	1.6
6.2367	1	0.29146	0	3.1
6.7221	1	0.32258	0	3.1
7.693	1	0.39232	0	3
10.169	1	0.42268	0	2.1
5.9235	1	0.32099	0	2.5
9.2937	1	0.32389	0	2.2
4.6104	1	0.3194	0	2.8
7.9066	1	0.30371	0	2.5
8.0036	1	0.31925	0	2.5
5.0303	1	0.33079	0	3.5
7.5789	1	0.28902	0	2.8
22.671	1	0.20598	0	2.8
29.777	1	0.23193	1	2.8
31.788	1	0.41141	1	1.6
46.466	1	0.47182	1	1.6
12.621	1	0.31788	0	1.6
13.774	1	0.22187	0	2.9
33.617	1	0.74298	0	1.6
46.032	1	0.69656	0	1.5
9.7027	1	0.204	0	2.1
12.494	1	0.37634	0	2.1
4.8532	1	0.54455	0	2.5
6.3701	1	0.78588	0	2.2
5.0947	1	0.32086	0	3.3
6.3204	1	0.34112	0	2.8
7.2439	1	0.358	0	2.3
7.4017	1	0.3629	0	2.3
11.71	1	0.38055	1	2.1
7.1481	1	0.33604	0	2.7
9.6723	1	0.3741	0	2.3
9.8665	1	0.37606	0	2.4
9.6723	1	0.34543	0	3.5
13.817	1	0.35093	1	2.8
5.5667	1	0.28037	0	3
5.8416	1	0.30924	0	2.3
6.6601	1	0.32871	0	2.3
7.6634	1	0.33704	0	1.9
7.6975	1	0.3669	0	2.2
8.7173	1	0.34602	0	1.7
8.9098	1	0.34504	0	1.7
9.11	1	0.31492	0	1.9
12.213	1	0.33584	1	1.8
14.331	1	0.35083	1	1.7
25.303	1	0.35916	1	1.5
16.248	1	0.34423	1	1.5
19.307	1	0.3663	1	1.5
5.9395	1	0.33931	0	3
7.176	1	0.37007	0	2.2
7.4961	1	0.36328	0	2
7.4587	1	0.3414	0	2
8.2563	1	0.35461	0	1.9
8.3058	1	0.32797	0	1.9
8.275	1	0.32989	0	1.8
17.887	1	0.59767	1	1.4
7.6018	1	0.25954	0	1.8
8.5424	1	0.25758	0	1.8
21.442	1	0.36176	1	1.5
6.0495	1	0.30583	0	2.8
5.7899	1	0.38674	0	3.7
6.7448	1	0.36522	0	2.5
7.6018	1	0.25954	0	1.8
8.44	1	0.33394	0	2
8.5336	1	0.24045	0	1.7
8.8922	1	0.25836	0	1.8
5.6744	1	0.33129	0	3
6.8317	1	0.33665	0	2.3
7	1	0.34865	0	2.3
7.4092	1	0.32	0	2.3
8.5677	1	0.34384	0	1.8
8.7085	1	0.29294	0	1.8
16.485	1	0.32845	1	1.6
20.226	1	0.32961	1	1.6
5.7195	1	0.33129	0	3
7.5567	1	0.34161	0	2.3
6.9109	1	0.33885	0	2.3
7.4763	1	0.32282	0	2.3
9	1	0.29333	0	1.8
8.9219	1	0.34354	0	1.8
7.4532	1	0.36825	0	2.2
8.6172	1	0.35177	0	1.7
8.8713	1	0.32098	0	1.9
11.776	1	0.34144	1	1.8
14.334	1	0.35043	1	1.7
5.7899	1	0.38674	0	3.7
6.0495	1	0.29481	0	2.5
6.7448	1	0.36522	0	2.5
8.3476	1	0.36697	0	2
8.2167	1	0.2439	0	1.7
6.055	1	0.30631	0	3
7.1903	1	0.36735	0	2.2
7.8625	1	0.36042	0	1.7
7.8713	1	0.33588	0	1.9
8.9934	1	0.31783	0	1.9
8.6491	1	0.34744	0	2.1
16.386	1	0.50628	0	2
18.683	1	0.54552	0	1.7
13.141	1	0.49543	0	1.9
19.747	1	0.29025	0	2.7
10.38	1	0.34856	0	2.6
13.086	1	0.40355	0	2.1
14.186	1	0.44201	1	2.5
24.197	1	0.55923	1	1.8
39.505	1	0.56176	1	1.6
35.182	1	0.54387	1	1.6
5.0594	1	0.33419	0	3.2
6.0385	1	0.32746	0	3.2
7.7987	1	0.43668	0	2.9
8.1287	1	0.42146	0	2.8
8.7778	1	0.43796	0	2.3
18.701	1	0.61266	0	2.1
9.8977	1	0.36408	0	2.6
6.9934	1	0.36408	0	2.8
9.2299	1	0.41296	1	2.4
5.0594	1	0.35429	0	3.2
8.4103	1	0.33348	0	2.7
8.4653	1	0.34916	0	2.7
6.3751	1	0.32898	0	3.5
7.6953	1	0.31621	0	2.8
22.616	1	0.22185	1	2.9
28.207	1	0.23369	1	2.4
32.157	1	0.2344	1	2.4
37.607	1	0.33103	1	2.6
33.349	1	0.42547	1	1.6
29.536	1	0.41141	1	1.6
34.514	1	0.33195	1	2.6
48.733	1	0.43417	1	1.7
42.897	1	0.44798	1	1.7
51.307	1	0.45058	1	1.7
12.827	1	0.21515	0	2.8
12.09	1	0.32333	0	1.8
13.19	1	0.25	0	2.8
31.205	1	0.65774	0	1.7
18.449	1	0.37864	0	2
42.739	1	0.68536	0	1.6
8.1386	1	0.36267	0	2.6
5.7206	1	0.28022	0	2.9
11.441	1	0.4379	0	2.1
5.1364	1	0.345	0	3.2
5.6634	1	0.33643	0	3.9
5.2233	1	0.32632	0	3.6
5.6964	1	0.35047	0	3
7.3916	1	0.38186	0	2.5
7.3696	1	0.36966	0	2.5
12.76	1	0.40687	1	2.2
7.2277	1	0.39216	0	2.8
9.0154	1	0.36982	0	2.5
9.714	1	0.24299	0	3
9.3454	1	0.38282	0	2.5
10.803	1	0.32754	0	1.9
17.151	1	0.41231	1	1.9
5.7782	1	0.34776	0	2.6
6.4808	1	0.32703	0	2.5
7.0456	1	0.30685	0	2.5
8.1285	1	0.36897	0	2.6
7.9554	1	0.36101	0	2.6
9.1834	1	0.34733	0	1.8
9.886	1	0.34208	0	2.5
9.1979	1	0.31402	0	1.8
12.315	1	0.40355	1	1.7
14.79	1	0.29167	1	1.7
12.571	1	0.34865	1	2.6
24.283	1	0.33503	1	1.7
16.268	1	0.32561	1	1.7
19.395	1	0.34578	1	1.7
5.428	1	0.32403	0	2.9
7.4477	1	0.37099	0	2.6
7.1492	1	0.3736	0	2.6
8.4321	1	0.35587	0	2
8.7699	1	0.32919	0	2.5
8.0363	1	0.31766	0	2
8.4736	1	0.34483	0	2
18.953	1	0.61881	1	1.5
8.5378	1	0.34216	0	2.4
8.5575	1	0.27149	0	1.7
12.183	1	0.25641	1	1.7
21.749	1	0.32953	1	1.5
5.9171	1	0.37135	0	3.8
5.6984	1	0.29858	0	3.5
6.8694	1	0.36364	0	2.4
8.4321	1	0.34668	0	2.4
8.3347	1	0.33761	0	2.2
8.0311	1	0.27481	0	1.7
8.9316	1	0.27231	0	1.8
5.8736	1	0.33749	0	2.8
7.6549	1	0.31754	0	2.9
6.9378	1	0.32508	0	2.2
6.5751	1	0.35046	0	2.2
7.5658	1	0.32532	0	2.2
8.6135	1	0.34072	0	1.7
8.8	1	0.29333	0	1.8
16.684	1	0.33028	1	1.6
20.647	1	0.32696	1	1.6
22.075	1	0.37016	1	1.8
5.9161	1	0.33784	0	2.8
8.0694	1	0.31569	0	2.9
6.6435	1	0.3346	0	2.2
6.9544	1	0.34456	0	2.2
8.4539	1	0.2953	0	1.8
8.9886	1	0.32137	0	1.7
7.7181	1	0.37527	0	2.7
7.8487	1	0.35461	0	2.6
9.3233	1	0.34669	0	2.5
8.915	1	0.30925	0	1.8
12.74	1	0.32535	1	1.7
14.987	1	0.33829	1	1.7
5.6984	1	0.29858	0	3.5
6.8694	1	0.36364	0	2.4
8.3347	1	0.36697	0	2.2
8.0311	1	0.27481	0	1.7
6.1606	1	0.30982	0	2.9
7.1523	1	0.37399	0	2.6
7.2166	1	0.38007	0	2.6
9.2124	1	0.33949	0	2.5
8.4145	1	0.39395	0	2.1
8.8363	1	0.34343	0	2
8.6352	1	0.34098	0	2
15.534	1	0.45133	0	2.2
14.58	1	0.49543	0	1.9
11.259	1	0.34856	0	2.8
13.772	1	0.404	1	2.5
24.171	1	0.40878	1	2.2
38.337	1	0.54192	1	1.9
34.523	1	0.52616	1	1.9
4.9731	1	0.34193	0	3
5.8953	1	0.33574	0	3.2
7.2528	1	0.40741	0	3
8.0197	1	0.39596	0	2.6
18.963	1	0.5986	0	2
11.45	1	0.42949	1	2.2
11.295	1	0.35211	0	2.6
12.736	1	0.50847	0	2.5
4.9731	1	0.36471	0	3.5
8.544	1	0.36232	0	2.8
8.285	1	0.36479	0	2.8
6.4715	1	0.35142	0	3.4
7.5078	1	0.30948	0	2.7
23.998	1	0.22185	1	2.8
38.166	1	0.32877	1	2.7
48.117	1	0.42582	1	1.7
43.247	1	0.42877	1	1.7
12.332	1	0.20821	0	2.8
20.306	1	0.22857	0	2.7
22.28	1	0.57549	1	2
8.8031	1	0.34468	0	2.4
7.6663	1	0.36267	0	2.9
5.7979	1	0.28022	0	2.9
11.088	1	0.41825	0	2.1
6.3306	1	0.32471	0	3.2
5.7803	1	0.33643	0	3.7
6.3606	1	0.32468	0	2.8
5.1793	1	0.32632	0	3.4
7.4187	1	0.36966	0	2.5
14.091	1	0.49454	1	2.1
12.693	1	0.40545	1	2.2
8.9067	1	0.36982	0	2.8
11.472	1	0.34579	0	2.8
10.518	1	0.38282	0	2.8
7.0725	1	0.38642	0	3
10.14	1	0.44113	0	2.4
16.984	1	0.42003	0	2.3
6.0191	1	0.32028	0	2.1
6.751	1	0.30992	0	2.1
5.6175	1	0.28792	0	3.1
7.7279	1	0.26368	0	2.4
7.1948	1	0.36302	0	2.6
7.749	1	0.36101	0	2.7
9.0382	1	0.33809	0	2.4
9.3163	1	0.35043	0	2.1
9.4317	1	0.31537	0	1.9
12.637	1	0.33747	1	1.8
15.299	1	0.34636	1	1.7
12.264	1	0.33346	1	2.3
21.526	1	0.3512	1	1.7
16.507	1	0.33809	1	1.7
19.412	1	0.36019	1	1.7
5.3544	1	0.30982	0	3
6.0231	1	0.36621	0	2.6
6.9618	1	0.36639	0	2.7
8.1165	1	0.34386	0	2
8.242	1	0.337	0	2.4
8.2189	1	0.36161	0	2
8.5863	1	0.34161	0	2
8.8253	1	0.37139	0	2.8
9.3785	1	0.36392	0	2.5
9.6185	1	0.25959	0	1.8
10.994	1	0.36434	0	2.5
18.763	1	0.34835	1	1.6
5.5693	1	0.33952	0	3.9
5.8645	1	0.29623	0	3.4
6.4046	1	0.43258	0	2.9
6.745	1	0.41538	0	2.9
8.3745	1	0.38212	0	2.4
8.5241	1	0.37873	0	2.8
8.8765	1	0.37242	0	2.5
8.2811	1	0.271	0	1.9
9.0472	1	0.2719	0	1.9
5.6616	1	0.34722	0	3.3
6.4518	1	0.32468	0	2.8
6.1496	1	0.33295	0	2.1
7.4689	1	0.31706	0	2.2
7.8082	1	0.30324	0	2.1
9.2339	1	0.39012	0	2.1
16.991	1	0.32004	1	1.7
20.31	1	0.32468	1	1.7
21.069	1	0.34956	1	1.7
5.7741	1	0.3642	0	3.3
7.4277	1	0.33719	0	2.8
6.5713	1	0.3308	0	2.1
7.1847	1	0.33604	0	2.2
9.5592	1	0.29887	0	2.1
7.9247	1	0.31579	0	2.6
10.761	1	0.34565	0	1.7
7.1225	1	0.36394	0	2.6
7.7068	1	0.36321	0	2.7
8.9277	1	0.33898	0	2.4
9.1205	1	0.30683	0	1.9
13.173	1	0.32175	1	1.8
15.313	1	0.37604	1	1.7
5.5693	1	0.32804	0	3.9
5.8645	1	0.28506	0	3.4
6.4046	1	0.27853	0	3.4
6.745	1	0.40465	0	2.9
8.3745	1	0.36724	0	2.4
8.2811	1	0.26377	0	1.9
5.8082	1	0.30331	0	3
6.6476	1	0.34826	0	3.1
7.1155	1	0.35559	0	2.7
8.6034	1	0.33125	0	2.5
8.5833	1	0.37931	0	2
8.9347	1	0.34193	0	2.1
8.7329	1	0.33732	0	2.1
18.067	1	0.54552	0	2.2
14.413	1	0.36996	1	1.9
11.827	1	0.34483	0	3.1
13.343	1	0.404	1	2.5
24.081	1	0.40975	1	2.2
34.438	1	0.52616	0	1.9
39.367	1	0.5403	1	1.9
4.9689	1	0.36216	0	4
6.3243	1	0.36412	0	3.5
7.2279	1	0.39729	0	3.1
8.0311	1	0.39458	0	2.7
11.093	1	0.41667	1	2.2
17.67	1	0.60565	0	2
4.9187	1	0.34969	0	3.9
7.5291	1	0.3568	0	3.2
9.6837	1	0.45455	0	2.6
6.2701	1	0.35142	0	3.4
7.8263	1	0.3444	0	2.9
23.896	1	0.21236	1	2.8
31.097	1	0.22319	1	2.9
48.062	1	0.42582	1	1.7
43.203	1	0.44223	1	1.7
11.913	1	0.32119	0	2.2
19.859	1	0.22857	0	2.2
19.056	1	0.53458	1	2.2
4.8143	1	0.28022	0	3.3
8.4287	1	0.36235	0	2.7
8.7299	1	0.38251	0	2.6
11.094	1	0.41667	0	2.3
4.9488	1	0.33659	0	3.2
5.8213	1	0.33048	0	4.4
5.0181	1	0.31234	0	3.9
6.1627	1	0.33081	0	3.6
7.3283	1	0.42067	0	2.6
7.8293	1	0.39553	0	3.2
13.623	1	0.47698	1	2.1
14.205	1	0.50505	0	2.1
6.6516	1	0.39362	0	3.2
8.243	1	0.34873	0	3
10.191	1	0.36471	0	2.9
11.325	1	0.34579	0	2.9
10.693	1	0.36569	0	2.5
16.426	1	0.41234	0	2
18.86	1	0.4361	0	2
5.539	1	0.28856	0	3.1
5.7353	1	0.29442	0	3.1
9.1386	1	0.27498	0	2.4
7.077	1	0.35304	0	2.8
7.4264	1	0.35909	0	2.5
8.9346	1	0.33601	0	2.5
9.3176	1	0.38832	0	2.1
9.7594	1	0.3037	0	1.9
12.843	1	0.32434	1	1.7
15.379	1	0.33977	1	1.6
12.141	1	0.34069	1	2.7
21.625	1	0.35489	1	1.8
16.963	1	0.33911	1	1.7
19.578	1	0.36154	1	1.8
5.1328	1	0.28005	0	3.1
5.9885	1	0.36882	0	2.8
6.7815	1	0.36712	0	2.7
7.5938	1	0.34036	0	2.5
7.9355	1	0.37114	0	2
8.6006	1	0.34635	0	2
8.5611	1	0.31528	0	1.9
20.982	1	0.66408	1	1.6
8.6449	1	0.38477	0	2.7
8.4851	1	0.39208	0	2.4
9.3099	1	0.3913	0	2.5
11.607	1	0.52336	0	2.5
13.353	1	0.35519	1	1.7
5.4273	1	0.36904	0	3
6.6583	1	0.41326	0	2.7
8.1492	1	0.39161	0	2.4
8.821	1	0.38612	0	2.5
8.5005	1	0.37638	0	1.7
5.616	1	0.38499	0	2.7
6.5833	1	0.35775	0	2.7
6.8316	1	0.33033	0	2.4
8.2753	1	0.31519	0	2.3
9.4466	1	0.37554	0	1.7
9.2714	1	0.39101	0	2
17.768	1	0.44772	1	1.7
20.892	1	0.38621	1	1.7
20.952	1	0.37333	1	1.7
5.5419	1	0.36765	0	2.7
6.7372	1	0.35563	0	2.7
7.4668	1	0.31792	0	2.4
9.6035	1	0.39152	0	2
8.3994	1	0.30055	0	2.3
11.203	1	0.37037	0	1.7
7.0269	1	0.35758	0	2.7
7.538	1	0.36321	0	2.7
9.1713	1	0.33784	0	2.1
8.8576	1	0.33936	0	2.5
9.6737	1	0.31153	0	1.9
13.62	1	0.33931	1	1.7
15.502	1	0.33747	1	1.6
5.4273	1	0.38196	0	3
5.7324	1	0.29754	0	3.4
6.6583	1	0.40661	0	2.7
8.5005	1	0.36537	0	1.7
5.41	1	0.3128	0	3.1
6.5438	1	0.34913	0	2.9
6.8239	1	0.37353	0	2.5
8.5399	1	0.33479	0	2.5
7.3908	1	0.37751	0	2.5
8.2762	1	0.3621	0	2
8.7883	1	0.34854	0	2.1
8.8017	1	0.343	0	2.1
9.5101	1	0.31573	0	1.9
18.287	1	0.54552	0	2.1
15.861	1	0.35162	1	2.2
12.493	1	0.39729	1	2.8
15.813	1	0.42797	1	2.7
20.183	1	0.64054	1	2.7
23.643	1	0.40975	1	2.2
34.971	1	0.52616	1	1.9
39.177	1	0.5403	1	1.9
6.8258	1	0.39175	0	3.5
8.2204	1	0.37869	0	3.2
9.6121	1	0.44131	0	2.3
6.2897	1	0.33376	0	2.7
10.104	1	0.32919	1	2.4
6.2031	1	0.34961	0	3.5
7.5987	1	0.34855	0	2.9
22.551	1	0.42561	1	2.3
50	1	0.47545	1	1.5
41.126	1	0.42062	1	2.6
6.3513	1	0.36044	0	2.5
6.7267	1	0.36689	0	2.5
12.039	1	0.51273	0	2.1
6.3032	1	0.35863	0	3.5
7.4581	1	0.36412	0	3.5
8.7575	1	0.4313	0	3.1
8.1222	1	0.44522	0	2.8
10.971	1	0.42995	1	2.3
15.206	1	0.57492	1	2
10.876	1	0.32119	0	2.2
20.635	1	0.51476	1	2.2
30.751	1	0.72569	1	1.7
42.348	1	0.6983	1	1.4
9.2348	1	0.35285	1	2.5
8.6574	1	0.36694	0	2.6
10.991	1	0.41667	0	2.1
4.8017	1	0.33171	0	3.2
4.9066	1	0.31156	0	3.4
6.2541	1	0.33638	0	3.4
7.41	1	0.42067	0	2.6
7.8422	1	0.39553	0	3.2
13.277	1	0.47698	1	2.1
6.487	1	0.39404	0	3.1
7.5553	1	0.36133	0	3
10.462	1	0.43478	0	2.8
12.493	1	0.39746	1	2
11.511	1	0.38027	0	2.5
14.432	1	0.37437	0	2.5
5.5381	1	0.28254	0	3.1
5.7258	1	0.28601	0	3.1
9.7184	1	0.33038	0	2.4
7.0455	1	0.35953	0	2.61
7.4043	1	0.41713	0	1.8
8.8708	1	0.32871	0	2.3
8.2314	1	0.36192	0	2.4
9.2268	1	0.34678	0	1.9
9.8541	1	0.30666	0	1.7
12.872	1	0.38462	1	1.9
15.53	1	0.36298	1	1.7
12.046	1	0.33491	1	1.8
21.616	1	0.32869	1	1.6
17.259	1	0.36808	1	1.7
19.453	1	0.36251	1	1.6
4.5994	1	0.32021	0	4.7
5.2881	1	0.30303	0	2.7
6.1106	1	0.38398	0	2.6
6.6868	1	0.32362	0	2.6
6.0195	1	0.37623	0	1.8
6.5892	1	0.36697	0	2.4
7.7026	1	0.34175	0	2.4
8.0836	1	0.36222	0	1.8
8.8662	1	0.40868	0	1.8
8.8467	1	0.37271	0	1.8
8.6515	1	0.37515	0	2.3
8.2286	1	0.37887	0	2.3
8.3866	1	0.37218	0	2.3
11.956	1	0.54201	0	2
12.991	1	0.3475	1	1.6
5.6032	1	0.3457	0	3.1
9.1162	1	0.34578	0	2.4
5.5548	1	0.44158	0	2.1
6.119	1	0.28894	0	2.8
6.5418	1	0.40117	0	2.6
11.677	1	0.51418	0	1.9
7.9043	1	0.37917	0	2.3
8.3206	1	0.38209	0	2.3
8.0976	1	0.37232	0	2.3
8.7351	1	0.36537	0	1.6
5.4154	1	0.38929	0	2.5
6.224	1	0.38132	0	2.5
6.5539	1	0.36942	0	2.5
6.3987	1	0.33951	0	2.3
8.2472	1	0.30178	0	2.1
9.8597	1	0.37746	0	1.6
9.5251	1	0.41337	0	1.9
17.702	1	0.3849	1	1.6
20.817	1	0.38728	1	1.6
20.979	1	0.36939	1	1.6
5.3439	1	0.35354	0	2.5
7.2184	1	0.40816	0	2.5
7.3829	1	0.31206	0	2.3
9.8978	1	0.41026	0	1.9
8.3606	1	0.3046	0	2.1
11.436	1	0.38283	0	1.6
6.9963	1	0.36897	0	1.8
9.2574	1	0.34024	0	1.9
7.8987	1	0.36624	0	2.4
8.8262	1	0.33479	0	2.3
9.8476	1	0.31294	0	1.7
13.629	1	0.37913	1	1.9
15.612	1	0.36335	1	1.7
5.5548	1	0.29439	0	2.8
6.119	1	0.45598	0	2.1
6.5418	1	0.40117	0	2.6
8.2519	1	0.3818	0	2.3
8.7351	1	0.36589	0	1.6
5.2928	1	0.31205	0	2.8
6.5009	1	0.63238	0	1.8
7.4303	1	0.36421	0	2.4
8.4377	1	0.33141	0	2.3
7.895	1	0.36933	0	2.5
8.066	1	0.46028	0	1.8
8.8745	1	0.34193	0	1.9
8.8931	1	0.34035	0	1.9
9.6608	1	0.37175	0	1.8
15.335	1	0.54552	1	1.9
16.459	1	0.38678	1	1.9
12.965	1	0.43646	1	2.4
15.73	1	0.41224	1	2.3
19.614	1	0.42234	1	2.1
22.83	1	0.39607	1	2
34.275	1	0.51926	1	1.7
38.397	1	0.53846	1	1.7
6.7797	1	0.39195	0	3
6.0214	1	0.35821	0	3.8
8.2203	1	0.38932	0	2.7
9.6143	1	0.45496	0	2.5
6.737	1	0.40352	0	2.4
9.3383	1	0.32919	1	2.2
6.2221	1	0.34961	0	3
7.895	1	0.35593	0	2.6
21.775	1	0.44944	1	1.9
21.849	1	0.26667	1	3.1
29.684	1	0.34993	1	2.2
32.732	1	0.35294	1	2.2
32.723	1	0.328	1	2.2
36.71	1	0.32626	1	2.2
47.584	1	0.47179	1	1.4
52.788	1	0.49529	1	1.4
39.712	1	0.41444	1	1.6
40.725	1	0.42062	1	1.6
5.0084	1	0.35714	0	3.7
6.4954	1	0.38095	0	2.5
7.8522	1	0.38161	0	2.5
11.142	1	0.34984	1	2.1
11.737	1	0.51273	0	1.9
6.3652	1	0.35604	0	3.1
7.6664	1	0.34363	0	3.1
8.3169	1	0.41738	0	2.3
8.3634	1	0.41312	0	2.8
12.546	1	0.49673	1	1.9
15.984	1	0.521	1	1.9
11.059	1	0.32119	0	1.9
19.926	1	0.51476	1	2.2
29.693	1	0.72479	1	1.7
46.468	1	0.85944	1	1.4
9.1961	1	0.35285	1	2.3
8.6385	1	0.36694	0	2.3
11.31	1	0.42389	1	2.1
4.6366	1	0.33659	0	2.6
4.9703	1	0.31156	0	3.5
6.448	1	0.33175	0	3
7.8522	1	0.41339	0	2.4
8.316	1	0.39367	0	2.9
10.222	1	0.4766	0	2.6
14.582	1	0.49824	1	2
10.776	1	0.39929	0	2.4
7.6162	1	0.37744	0	2.65
9.2751	1	0.41265	0	2.4
12.356	1	0.4312	1	2.2
12.026	1	0.38053	1	2.3
14.856	1	0.37768	1	2.3
15.655	1	0.38618	1	2.2
19.967	1	0.44489	1	1.8
5.9717	1	0.27916	0	3.3
5.4699	1	0.28098	0	3.3
9.6852	1	0.33029	0	2.4
7.3659	1	0.36789	0	2.5
8.5995	1	0.3645	0	2.3
9.3321	1	0.3354	0	2.2
9.7208	1	0.34386	0	1.8
11.415	1	0.47619	1	1.9
14.223	1	0.42998	1	1.9
18.094	1	0.4245	1	1.9
11.978	1	0.3301	1	2.4
24.412	1	0.37923	1	1.7
17.946	1	0.38484	1	1.7
22.127	1	0.38633	1	1.7
5.0912	1	0.30671	0	4.4
5.437	1	0.23832	0	4
6.3212	1	0.36668	0	3.8
6.7838	1	0.34212	0	3
6.2847	1	0.36294	0	2.6
8.1487	1	0.33836	0	2.3
8.4717	1	0.4509	0	1.7
9.344	1	0.44614	0	1.8
9.3458	1	0.39604	0	1.8
9.1168	1	0.37905	0	2.4
8.5748	1	0.38084	0	2.5
8.8349	1	0.37293	0	2.5
12.286	1	0.3168	0	2.3
13.428	1	0.37433	1	1.6
5.7573	1	0.34188	0	3.6
9.0447	1	0.30716	0	2.4
5.6651	1	0.44568	0	2.6
6.1505	1	0.28894	0	3.1
6.5502	1	0.40216	0	2.5
8.2719	1	0.37151	0	2.5
8.354	1	0.37408	0	2.4
8.5347	1	0.36604	0	2.5
9.0757	1	0.36568	0	1.6
5.9681	1	0.39073	0	2.7
6.8504	1	0.35863	0	3.6
6.5593	1	0.32093	0	2.3
9.3759	1	0.30577	0	2.3
8.7026	1	0.30096	0	2.1
11.12	1	0.40377	0	1.8
10.055	1	0.38848	0	1.9
18.945	1	0.37147	1	1.8
20.437	1	0.40905	1	1.8
22.405	1	0.39704	1	1.8
5.6405	1	0.39889	0	3.2
7.5137	1	0.35246	0	3.61
7.6013	1	0.31161	0	2.3
10.421	1	0.38898	0	1.9
10.32	1	0.46144	0	2.3
8.8139	1	0.30024	0	2.1
12.321	1	0.39288	0	1.8
7.3312	1	0.35461	0	2.5
9.9197	1	0.34035	0	1.8
8.6478	1	0.35938	0	2.3
9.4471	1	0.33129	0	2.2
11.642	1	0.39234	1	1.9
14.589	1	0.42373	1	1.9
17.717	1	0.42373	1	1.9
5.6651	1	0.29712	0	2.8
6.5502	1	0.40383	0	2.5
8.2354	1	0.37466	0	2.4
9.0757	1	0.3662	0	1.6
5.4462	1	0.30445	0	2.8
6.8385	1	0.3525	0	2.7
7.9827	1	0.3577	0	2.3
8.8768	1	0.33022	0	2.2
8.1651	1	0.36948	0	2.4
8.7856	1	0.46408	0	1.7
9.3513	1	0.34098	0	1.8
9.3604	1	0.33909	0	1.8
10.191	1	0.36486	0	1.8
8.4836	1	0.50245	0	2.7
17.608	1	0.50842	1	2
15.055	1	0.54552	1	1.9
16.483	1	0.38678	1	1.9
12.984	1	0.43646	1	2.5
18.298	1	0.4373	1	2.1
23.321	1	0.34337	1	2
34.927	1	0.51412	1	1.7
38.289	1	0.53846	1	1.7
6.8422	1	0.36822	0	3
8.4845	1	0.40479	0	2.7
9.625	1	0.47972	0	2.5
5.5155	1	0.31702	0	3
6.6141	1	0.36213	0	3.8
9.99	1	0.33161	1	3.8
6.3823	1	0.38771	0	2.8
7.9334	1	0.37959	0	2.6
22.172	1	0.32574	1	1.9
31.661	1	0.53718	1	1.8
41.15	1	0.61818	1	1.4
48.631	1	0.5503	1	1.4
4.9808	1	0.35454	0	3.3
6.5684	1	0.37131	0	2.5
11.587	1	0.39286	1	2.1
13.53	1	0.48937	1	1.9
6.2947	1	0.3605	0	3.1
7.6177	1	0.35585	0	3.1
8.8038	1	0.43576	0	2.6
8.3932	1	0.40348	0	2.2
12.499	1	0.5111	1	1.9
16.057	1	0.53945	1	1.8
11.51	1	0.33276	0	2
20.94	1	0.51476	1	2.2
29.151	1	0.72569	1	1.7
45.62	1	0.85944	1	1.4
9.3057	1	0.35285	1	2.3
11.574	1	0.41841	1	2.1
4.552	1	0.33659	0	3
6.7436	1	0.37701	0	2.6
7.0182	1	0.35652	0	2.6
7.6378	1	0.48246	0	2.5
4.9708	1	0.3125	0	3.1
6.5219	1	0.35905	0	3.1
8.3011	1	0.4451	0	2.7
15.108	1	0.69252	1	1.9
8.5566	1	0.40843	0	2.8
10.308	1	0.69924	0	2.6
14.717	1	0.49587	1	2
10.853	1	0.49689	0	2.4
7.6369	1	0.3881	0	2.7
9.1058	1	0.40522	0	2.4
12.404	1	0.31943	1	1.9
13.111	1	0.37288	1	2.1
16.642	1	0.38934	1	2.3
20.949	1	0.43734	1	1.8
3.6405	1	0.30022	0	2.8
5.6329	1	0.28042	0	3.3
9.8151	1	0.33107	0	2.4
7.5343	1	0.37736	0	2.6
8.728	1	0.36771	0	2.2
9.6734	1	0.35727	0	2.2
10.178	1	0.34418	0	1.9
11.829	1	0.47755	1	1.9
14.879	1	0.45886	1	1.9
17.902	1	0.45181	1	1.9
13.232	1	0.34562	1	2.5
23.174	1	0.38012	1	1.7
19.066	1	0.38576	1	1.7
20.898	1	0.3869	1	1.7
48.151	1	0.48655	1	1.9
5.4533	1	0.2963	0	4.4
4.8371	1	0.30416	0	2.7
6.7861	1	0.35194	0	3.7
7.4912	1	0.32845	0	2.9
6.5572	1	0.3838	0	2.5
7.7245	1	0.3613	0	2.5
9.0361	1	0.36096	0	2.2
8.7984	1	0.44089	0	1.7
9.9525	1	0.44167	0	1.9
9.6787	1	0.39886	0	1.8
24.647	1	0.74627	1	1.6
9.4252	1	0.37568	0	2.3
9.9428	1	0.37175	0	2.2
8.6039	1	0.36729	0	2.4
12.691	1	0.51418	0	1.8
12.494	1	0.36271	0	2.2
13.79	1	0.37423	1	1.6
6.4173	1	0.3443	0	3.2
10.01	1	0.30471	0	2.4
4.8407	1	0.42915	0	2.5
6.1611	1	0.41921	0	2.5
6.7386	1	0.40166	0	2.5
6.6012	1	0.38893	0	2.5
8.6259	1	0.37369	0	2.2
8.7069	1	0.37394	0	2.3
8.3398	1	0.36701	0	2.4
9.3292	1	0.3926	0	1.6
6.1813	1	0.40504	0	2.5
7.2165	1	0.34195	0	2.2
8.7394	1	0.75	0	1.8
10.533	1	0.31185	0	2.3
12.201	1	0.40453	1	1.7
11.419	1	0.38302	1	2
19.849	1	0.37028	1	1.7
21.317	1	0.40301	1	1.7
23.241	1	0.39484	1	1.7
5.7826	1	0.41228	0	2.5
7.6725	1	0.33633	0	2.2
11.967	1	0.38302	1	2.5
10.775	1	0.45842	0	2.3
13.379	1	0.39536	1	1.7
7.4815	1	0.37799	0	2.6
10.158	1	0.33742	0	1.9
8.5748	1	0.38446	0	2.2
9.6303	1	0.33663	0	2.2
12.006	1	0.46642	1	1.8
15.291	1	0.45358	1	1.8
17.551	1	0.41766	1	1.8
5.1048	1	0.42915	0	2.5
6.8653	1	0.37817	0	2.5
6.7386	1	0.40166	0	2.5
8.5933	1	0.37466	0	2.3
9.3292	1	0.389	0	1.6
5.3688	1	0.29913	0	2.7
7.0414	1	0.40575	0	2.6
8.3618	1	0.38207	0	2.2
9.2421	1	0.351	0	2.2
7.3055	1	0.38552	0	2.5
9.1188	1	0.43478	0	1.7
11.795	1	0.45235	1	1.7
9.7438	1	0.33919	0	1.9
12.288	1	0.34072	1	1.6
8.6787	1	0.48581	0	2.6
17.833	1	0.49058	1	2
11.312	1	0.52976	1	1.8
14.96	1	0.45133	0	2.3
17.658	1	0.38678	1	1.9
13.974	1	0.43646	1	2.5
19.379	1	0.4373	1	2.1
24.938	1	0.3935	1	2
29.577	1	0.56	1	2
37.39	1	0.5802	1	1.5
41.342	1	0.53846	1	1.6
7.4428	1	0.38153	0	3
9.353	1	0.41159	0	2.5
10.559	1	0.49887	0	2.5
5.6734	1	0.31702	0	3
6.566	1	0.36138	0	3.3
12.886	1	0.31088	1	3.8
7.2174	1	0.38771	0	2.6
8.6699	1	0.37959	0	2.6
23.856	1	0.32689	1	1.9
30.37	1	0.49221	1	2
34.771	1	0.54969	1	1.8
41.373	1	0.37288	1	2
45.775	1	0.52412	1	1.4
54.137	1	0.58984	1	1.4
15.697	1	0.49658	1	2.1
4.5731	1	0.31467	0	3.3
6.9181	1	0.32458	0	3.2
8.2474	1	0.37131	0	2.4
8.5907	1	0.37655	0	2.5
12.323	1	0.39132	1	2
13.617	1	0.48527	1	1.8
6.5132	1	0.31376	0	2.8
9.3301	1	0.30238	0	2.3
9.6822	1	0.34095	0	2.3
9.8583	1	0.37308	0	2.2
13.379	1	0.5	1	1.8
16.284	1	0.50972	1	1.8
12.236	1	0.41812	0	1.8
17.518	1	0.53767	1	2.1
22.447	1	0.52916	1	2.1
33.891	1	0.77649	1	1.7
51.849	1	0.90157	1	1.4
12.777	1	0.40382	1	2.1
19.195	1	0.4213	1	2.1
4.7518	1	0.33659	0	3.1
5.0396	1	0.39879	0	3.8
7.7535	1	0.41002	0	2.3
8.1056	1	0.38627	0	2.5
8.4445	1	0.41228	0	2.5
5.7641	1	0.38	0	3.6
7.1989	1	0.34677	0	3
9.3292	1	0.46843	0	2.7
17.597	1	0.5767	1	1.7
9.3732	1	0.42125	0	2.7
11.046	1	0.4766	0	2.6
17.033	1	0.4733	1	1.9
5.713	1	0.36986	0	2.6
11.664	1	0.39929	0	2.4
8.3715	1	0.36481	0	2.6
9.4014	1	0.40522	0	2.4
13.191	1	0.41338	1	1.9
13.358	1	0.38644	1	2.2
17.258	1	0.38934	1	2.3
24.014	1	0.46237	1	2.2
30.621	1	0.43557	1	2.1
3.5123	1	0.29476	0	3
7.5097	1	0.40067	0	2.5
9.9687	1	0.35482	0	2.4
10.523	1	0.4233	0	2
12.177	1	0.46311	1	1.9
14.775	1	0.50182	1	1.9
18.271	1	0.49049	1	1.9
21.133	1	0.49254	1	1.9
13.585	1	0.45356	1	2
23.353	1	0.44941	1	1.7
19.784	1	0.45097	1	1.7
21.041	1	0.45602	1	1.7
20.157	1	0.33686	1	1.7
47.788	1	0.48725	1	1.6
5.5664	1	0.2963	0	4.4
6.8977	1	0.35194	0	3.7
7.4345	1	0.32564	0	2.5
6.9273	1	0.38087	0	2.5
7.6036	1	0.34762	0	2.5
9.3195	1	0.35443	0	2.4
9.2942	1	0.44204	0	1.7
10.423	1	0.43587	0	1.9
10.169	1	0.39548	0	1.9
24.92	1	0.74326	1	1.6
9.5402	1	0.36342	0	2.3
9.1276	1	0.37864	0	2.3
15.347	1	0.62087	0	1.8
14.722	1	0.42315	1	1.9
14.576	1	0.37244	1	1.7
6.4446	1	0.33155	0	3.2
9.4015	1	0.36433	0	2.3
5.071	1	0.41798	0	2.5
5.9129	1	0.37425	0	2.5
6.8259	1	0.39308	0	2.5
8.3035	1	0.35874	0	2.3
9.0101	1	0.35838	0	2.3
8.8605	1	0.37793	0	2.5
9.8614	1	0.31461	0	2.3
10.251	1	0.39062	0	1.7
4.8732	1	0.33859	0	3.8
6.2172	1	0.40504	0	2.6
7.4455	1	0.37911	0	2.2
7.3762	1	0.32715	0	2.5
10.85	1	0.31228	0	2.3
12.864	1	0.39693	1	1.7
11.495	1	0.43546	1	2.1
11.077	1	0.52484	0	2.2
10.985	1	0.31982	1	2.5
19.549	1	0.36648	1	1.7
21.146	1	0.5965	1	1.7
22.044	1	0.38589	1	1.7
7.0702	1	0.4119	0	2.8
7.8808	1	0.37577	0	2.2
11.948	1	0.4325	1	2.1
11.957	1	0.45205	1	2.1
13.609	1	0.39185	1	1.7
7.8571	1	0.37799	0	2.5
10.859	1	0.42258	0	1.9
8.7236	1	0.38598	0	2.3
9.8529	1	0.35858	0	2.4
11.127	1	0.44025	0	1.8
12.255	1	0.48139	1	1.9
15.211	1	0.5	1	1.7
17.412	1	0.49049	1	1.9
6.4446	1	0.33155	0	3.2
5.071	1	0.41798	0	2.5
5.9129	1	0.37425	0	2.5
6.9104	1	0.39308	0	2.5
9.0101	1	0.35852	0	2.3
10.251	1	0.3915	0	1.7
6.6991	1	0.34889	0	3
7.1843	1	0.40575	0	2.7
8.5114	1	0.38162	0	2.3
9.4666	1	0.35176	0	2.4
7.6069	1	0.37736	0	2.4
9.2975	1	0.4352	0	1.7
11.918	1	0.45802	1	1.9
10.599	1	0.42791	0	2
12.273	1	0.34072	1	1.7
9.552	1	0.49372	0	1.7
17.76	1	0.52494	1	1.9
14.835	1	0.52976	1	1.8
16.382	1	0.44957	0	2.1
18.749	1	0.4571	1	2
15.723	1	0.42056	1	2.2
20.566	1	0.47584	1	1.8
20.626	1	0.45212	1	1.7
26.627	1	0.40968	1	1.9
44.801	1	0.54237	1	1.5
38.884	1	0.58924	1	1.5
47.253	1	0.71709	1	1
7.4345	1	0.4512	0	3.5
9.4463	1	0.39484	0	2.7
11.407	1	0.41237	1	2.3
4.8986	1	0.3154	0	2.3
6.5757	1	0.36138	0	3.3
11.521	1	0.38062	1	2
5.874	1	0.3814	0	2.8
8.8749	1	0.42471	0	2.4
8.9594	1	0.43393	0	2.4
16.019	1	0.48141	1	1.9
25.325	1	0.3218	1	3
31.488	1	0.49764	1	1.8
36.078	1	0.55399	1	1.7
42.181	1	0.47453	1	1.7
44.505	1	0.4695	1	1.7
49.155	1	0.51737	1	1.5
58.039	1	0.58333	1	1.3
64.117	1	0.60792	1	1.3
16.116	1	0.59973	1	2
19.652	1	0.44431	1	1.7
6.1699	1	0.30686	0	2.7
7.0575	1	0.38663	0	3.2
8.9341	1	0.36959	0	2.4
13.989	1	0.33171	1	1.7
14.074	1	0.64384	0	1.8
7.1843	1	0.3125	0	2.9
9.847	1	0.28894	0	2.6
9.3905	1	0.35022	0	2.2
10.058	1	0.38224	0	2.3
14.538	1	0.50321	1	1.8
17.455	1	0.52149	1	1.7
13.098	1	0.41812	1	1.9
21.078	1	0.57791	1	2
24.598	1	0.55556	1	2
36.12	1	0.77649	1	1.8
55.283	1	0.90157	1	1.6
13.078	1	0.40219	1	2.1
19.727	1	0.41363	1	2.1
4.814	1	0.39879	0	3.7
7.6036	1	0.40541	0	2.5
8.1107	1	0.38298	0	2.5
8.6179	1	0.40842	0	2.5
5.8309	1	0.39	0	3.1
7.5216	1	0.40779	0	2.5
9.4658	1	0.47209	0	2.2
17.997	1	0.5782	1	1.8
9.2122	1	0.42751	0	2.2
10.827	1	0.48936	0	2.4
17.117	1	0.46875	1	1.8
5.8242	1	0.36986	0	2.5
12.215	1	0.39929	0	2.4
7.3542	1	0.45269	0	2.5
7.7853	1	0.45064	0	2.5
11.91	1	0.53782	0	2.2
14.814	1	0.41572	1	1.9
14.019	1	0.38934	1	2.2
18.132	1	0.38881	1	2.2
26.374	1	0.43793	1	1.7
31.944	1	0.4251	1	1.7
3.5495	1	0.28384	0	2.8
10.54	1	0.51016	0	2.6
18.226	1	0.50473	1	1.9
14.899	1	0.52976	1	1.8
15.605	1	0.41348	1	2.2
20.411	1	0.46612	1	2
22.379	1	0.43046	1	1.8
25.089	1	0.39841	1	1.8
19.879	1	0.59786	1	1.8
29.839	1	0.49485	1	1.8
37.903	1	0.58924	1	1.5
43.548	1	0.54237	1	1.5
4.8347	1	0.30915	0	5.3
5.3855	1	0.36735	0	3.2
15.302	1	0.62026	0	1.8
8.3911	1	0.38868	0	2.3
7.5379	1	0.35667	0	2.9
9.2887	1	0.37585	0	2.2
26.613	1	0.61538	1	1.7
4.8976	1	0.33859	0	3.8
5.1492	1	0.34774	0	3.4
9.4919	1	0.48	0	2.7
11.246	1	0.40451	1	2.3
5.2008	1	0.3154	0	2.7
7.8185	1	0.40984	0	2.2
6.2734	1	0.35282	0	3.3
11.556	1	0.38062	1	2
35.484	1	0.49949	1	1.7
38.71	1	0.65255	1	1.3
5.2008	1	0.39048	0	2.6
9.2331	1	0.42471	0	2.4
9.1927	1	0.39007	0	2.4
18.468	1	0.46843	1	1.9
13.952	1	0.57143	0	1.7
25.476	1	0.53469	1	1.9
31.613	1	0.49221	1	2
36.169	1	0.54211	1	1.8
41.452	1	0.47453	1	1.7
44.435	1	0.4695	1	1.7
49.363	1	0.51737	1	1.5
58.29	1	0.58333	1	1.4
51.798	1	0.61269	1	1.5
64.387	1	0.60792	1	1.4
15.935	1	0.59932	1	1.9
20.203	1	0.44582	1	1.9
7.1444	1	0.36193	0	3.2
8.8476	1	0.39216	0	2.3
13.765	1	0.46179	1	1.8
4.6306	1	0.31467	0	2.7
5.6444	1	0.41744	0	2.7
9.6766	1	0.37688	0	2.6
9.8379	1	0.33935	0	2.9
14.112	1	0.51847	1	2
10.685	1	0.52691	0	2
22.016	1	0.52149	1	1.7
5.3218	1	0.34644	0	3
26.81	1	0.56525	1	1.9
36.21	1	0.82388	1	1.9
41.294	1	0.77649	1	1.8
57.238	1	0.94758	1	1.4
68.597	1	0.7726	1	1.8
60.117	1	0.90157	1	1.4
13.706	1	0.47267	1	2.2
19.19	1	0.57908	1	2.1
19.714	1	0.43276	1	2.2
24.915	1	0.50778	1	2.2
24.835	1	0.50842	1	2.2
9.5556	1	0.37975	0	2.5
10.541	1	0.39511	0	2.4
4.7306	1	0.37822	0	3.4
6.8935	1	0.40779	0	3
5.7887	1	0.39	0	3.5
9.5226	1	0.47209	0	2.6
18.032	1	0.5782	1	1.8
9.9419	1	0.42751	0	2.6
17.337	1	0.55604	1	1.9
11.127	1	0.48936	0	2.4
12.254	1	0.39578	0	2.4
7.9919	1	0.43253	0	2.5
6.8266	1	0.45579	0	2.5
5.5565	1	0.381	0	2.5
13.911	1	0.39054	1	2.1
16.681	1	0.38592	1	2.1
25.931	1	0.43899	1	1.7
30.476	1	0.4246	1	1.7
3.5073	1	0.28384	0	2.8
10.948	1	0.38422	0	2.2
5.3185	1	0.40505	0	2.6
8.3847	1	0.38174	0	2.4
6.9315	1	0.37008	0	2.4
6.125	1	0.38366	0	2.5
8	1	0.36324	0	2.4
9.2702	1	0.34267	0	2.4
13.786	1	0.59467	1	2.4
5.3185	1	0.40505	0	2.6
6.9315	1	0.35742	0	2.4
7.496	1	0.3635	0	2.4
6.125	1	0.38366	0	2.5
9.0282	1	0.34292	0	2.4
8.0605	1	0.36166	0	2.4
9.9153	1	0.33422	0	2.2
5.6161	1	0.40143	0	2.5
7.2984	1	0.31896	0	2.3
7.425	1	0.3875	0	2.1
9.4984	1	0.30447	0	2.1
11.784	1	0.39095	1	1.7
8.825	1	0.40516	0	2.4
12.783	1	0.39257	1	1.7
8.8952	1	0.38177	0	2.2
11.372	1	0.44757	1	2.1
12.458	1	0.39216	1	1.7
13.469	1	0.39862	1	1.7
22.927	1	0.38514	1	1.7
20.615	1	0.37092	1	1.7
22.233	1	0.60112	1	1.7
7.4879	1	0.3719	0	2.6
8.9637	1	0.42586	0	2.3
10.023	1	0.35963	0	2.3
11.785	1	0.41349	1	2
12.44	1	0.50505	1	1.9
21.532	1	0.48615	1	1.8
14.94	1	0.50167	1	1.9
18.177	1	0.48049	1	1.8
46.115	1	0.57274	1	1.5
23.992	1	0.44681	1	1.7
20.512	1	0.44604	1	1.7
20.725	1	0.33413	1	1.7
21.563	1	0.45308	1	1.7
8.0323	1	0.43947	0	3
6.7702	1	0.36735	0	1.8
9.2702	1	0.43803	0	1.8
9.2702	1	0.35623	0	2.3
8.0524	1	0.34682	0	2.4
9.5831	1	0.3444	0	2.1
11.181	1	0.46033	1	1.9
25.44	1	0.74465	1	1.7
8.0605	1	0.4379	0	2.4
9.8347	1	0.40205	0	2.3
11.589	1	0.4168	1	2
12.335	1	0.50551	1	1.9
15.536	1	0.49564	1	1.8
17.738	1	0.49093	1	1.9
7.1363	1	0.40252	0	2.7
9.6766	1	0.43789	0	1.8
8.4427	1	0.38014	0	2.1
9.6524	1	0.3495	0	2.3
11.27	1	0.41922	1	2
11.959	1	0.50076	1	1.8
9.1431	1	0.51	0	2.1
18.944	1	0.50972	1	1.9
16.029	1	0.47096	0	2.3
14.461	1	0.41348	1	2.2
18.355	1	0.46612	1	2
20.581	1	0.42735	1	1.8
25.559	1	0.49648	1	1.7
18.86	1	0.59786	1	1.8
31.752	1	0.58924	1	1.5
37.49	1	0.54237	1	1.5
10.138	1	0.38746	1	2.3
12.353	1	0.5102	1	1.8
21.289	1	0.47131	1	1.8
21.679	1	0.48932	1	1.8
11.63	1	0.41705	1	1.9
17.628	1	0.47647	1	1.8
8.0834	1	0.43002	0	2.3
40.589	1	0.58038	1	1.5
20.964	1	0.32687	1	1.7
20.627	1	0.51933	1	1.6
22.077	1	0.52539	1	1.6
24.353	1	0.51724	1	1.6
8.4124	1	0.4506	0	1.6
11.113	1	0.44702	1	1.9
5.7972	1	0.3854	0	2.5
9.4836	1	0.37238	0	2.1
7.2647	1	0.36053	0	2.4
24.467	1	0.75269	1	1.6
9.2884	1	0.35336	0	2.1
19.507	1	0.42017	1	1.7
9.5601	1	0.34928	0	1.9
12.503	1	0.44862	0	1.7
15.96	1	0.42584	1	1.7
5.2418	1	0.36919	0	3.1
7.456	1	0.3574	0	2.4
9.9426	1	0.33267	0	2.2
11.473	1	0.48654	0	1.7
6.7215	1	0.35632	0	2.4
8.0298	1	0.3574	0	2.4
11.744	1	0.4962	0	1.7
6.8057	1	0.35667	0	2.8
9.9426	1	0.49797	0	2.2
5.6634	1	0.40143	0	3.2
4.8347	1	0.35294	0	3.5
13.204	1	0.39257	1	1.7
7.2349	1	0.31896	0	2.3
8.7758	1	0.40293	0	2.4
9.671	1	0.30447	0	1.8
7.2555	1	0.3875	0	2.3
11.461	1	0.39095	1	1.7
4.5868	1	0.33951	0	4.6
7.9763	1	0.4346	0	2.5
7.9495	1	0.4163	0	3.1
9.2923	1	0.45654	0	2.4
5.0765	1	0.3291	0	3.3
10.325	1	0.4092	0	2.3
4.5134	1	0.39706	0	2.9
7.6503	1	0.42694	0	2.1
17.98	1	0.48605	1	1.9
29.074	1	0.7038	1	1.6
9.1806	1	0.5392	0	2.6
36.725	1	0.65255	1	1.7
30.375	1	0.57136	1	1.7
16.106	1	0.49305	1	1.9
27.544	1	0.66507	1	1.8
22.511	1	0.3822	1	1.8
22.376	1	0.5954	1	1.7
21.412	1	0.37267	1	1.7
5.049	1	0.3664	0	2.9
9.5325	1	0.42146	0	2.4
17.827	1	0.45441	1	1.9
10.559	1	0.53162	0	2.5
9.3948	1	0.42969	0	2.2
24.178	1	0.53469	1	1.9
30.375	1	0.35693	1	1.7
47.819	1	0.51341	1	1.5
56.465	1	0.58049	1	1.4
12.101	1	0.38803	1	1.7
13.607	1	0.39144	1	1.7
11.526	1	0.44714	1	2
7.6565	1	0.37663	0	2.3
6.8623	1	0.36607	0	2.9
8.2777	1	0.3645	0	2.3
8.4078	1	0.38245	0	2.1
5.3015	1	0.36735	0	3.1
4.5134	1	0.32534	0	2.7
10.137	1	0.5281	0	2
21.347	1	0.68966	1	1.8
13.695	1	0.51847	1	2
9.3718	1	0.37688	0	2.6
5.6611	1	0.39063	0	2.9
8.9135	1	0.49498	0	2.2
7.6473	1	0.43685	0	2.2
9.1775	1	0.40205	0	2.3
11.09	1	0.57453	1	2.2
12.161	1	0.508	1	1.8
15.298	1	0.49624	1	1.8
16.829	1	0.4766	1	1.8
7.9533	1	0.3574	0	2.4
8.3053	1	0.3645	0	2.3
6.7674	1	0.35564	0	2.4
12.069	1	0.49864	1	1.8
9.1699	1	0.45074	0	1.6
8.0673	1	0.42868	0	2.2
11.143	1	0.50172	1	2.2
5.5501	1	0.34644	0	2.9
9.2953	1	0.38773	0	2.3
6.7322	1	0.38741	0	2.6
13.003	1	0.46852	1	2.2
19.889	1	0.49636	1	2.1
4.4881	1	0.4011	0	3.3
10.001	1	0.39511	0	2.5
8.798	1	0.49618	0	2.3
8.8661	1	0.42751	0	2.2
9.3864	1	0.412	0	2.8
6.6932	1	0.42678	0	2.8
16.448	1	0.55604	1	1.9
11.399	1	0.50019	0	2.4
17.49	1	0.57753	1	1.8
4.964	1	0.38614	0	3.1
11.848	1	0.40746	0	2.5
5.5279	1	0.37293	0	2.5
6.6526	1	0.45045	0	2.5
7.6473	1	0.43956	0	2.5
11.301	1	0.33626	1	2.1
14.399	1	0.39054	1	2.1
16.14	1	0.38592	1	2.1
25.987	1	0.43597	1	1.7
3.3933	1	0.35829	0	2.8
44.759	1	0.81491	1	2.4
32.058	1	0.6938	1	2.6
