1.004e+08
1.006e+08
1.007e+08
1.009e+08
1.011e+08
1.013e+08
1.017e+08
1.03e+08
1.045e+08
2.005e+08
2.008e+08
2.015e+08
2.016e+08
2.019e+08
2.026e+08
2.028e+08
2.04e+08
2.048e+08
3.006e+08
3.014e+08
4.002e+08
4.01e+08
4.012e+08
6.018e+08
1.004e+08
1.006e+08
1.007e+08
1.009e+08
1.011e+08
1.013e+08
1.017e+08
1.03e+08
1.045e+08
2.005e+08
2.008e+08
2.015e+08
2.016e+08
2.019e+08
2.026e+08
2.028e+08
2.04e+08
2.048e+08
3.006e+08
3.014e+08
4.002e+08
4.01e+08
4.012e+08
6.018e+08
1.004e+08
1.006e+08
1.007e+08
1.009e+08
1.011e+08
1.013e+08
1.017e+08
1.03e+08
1.045e+08
2.005e+08
2.008e+08
2.015e+08
2.016e+08
2.019e+08
2.026e+08
2.028e+08
2.04e+08
2.048e+08
3.006e+08
3.014e+08
4.002e+08
4.01e+08
4.012e+08
6.018e+08
1.0041e+08
1.0061e+08
1.0071e+08
1.0091e+08
1.0111e+08
1.0131e+08
1.0171e+08
1.0301e+08
1.0451e+08
2.0051e+08
2.0081e+08
2.0151e+08
2.0161e+08
2.0191e+08
2.0261e+08
2.0281e+08
2.0401e+08
2.0481e+08
3.0061e+08
3.0141e+08
4.0021e+08
4.0101e+08
4.0121e+08
6.0181e+08
1.0041e+08
1.0061e+08
1.0071e+08
1.0091e+08
1.0111e+08
1.0131e+08
1.0171e+08
1.0301e+08
1.0451e+08
2.0051e+08
2.0081e+08
2.0151e+08
2.0161e+08
2.0191e+08
2.0261e+08
2.0281e+08
2.0401e+08
2.0481e+08
3.0061e+08
3.0141e+08
4.0021e+08
4.0101e+08
4.0121e+08
6.0181e+08
1.0041e+08
1.0061e+08
1.0071e+08
1.0091e+08
1.0111e+08
1.0131e+08
1.0171e+08
1.0301e+08
1.0451e+08
2.0051e+08
2.0081e+08
2.0151e+08
2.0161e+08
2.0191e+08
2.0261e+08
2.0281e+08
2.0401e+08
2.0481e+08
3.0061e+08
3.0141e+08
4.0021e+08
4.0101e+08
4.0121e+08
6.0181e+08
1.0041e+08
1.0061e+08
1.0071e+08
1.0091e+08
1.0111e+08
1.0131e+08
1.0171e+08
1.0301e+08
1.0451e+08
2.0051e+08
2.0081e+08
2.0151e+08
2.0161e+08
2.0191e+08
2.0261e+08
2.0281e+08
2.0401e+08
2.0481e+08
3.0061e+08
3.0141e+08
4.0021e+08
4.0101e+08
4.0121e+08
6.0181e+08
1.0041e+08
1.0061e+08
1.0071e+08
1.0091e+08
1.0111e+08
1.0131e+08
1.0171e+08
1.0301e+08
1.0451e+08
2.0051e+08
2.0081e+08
2.0151e+08
2.0161e+08
2.0191e+08
2.0261e+08
2.0281e+08
2.0401e+08
2.0481e+08
3.0061e+08
3.0141e+08
4.0021e+08
4.0101e+08
4.0121e+08
6.0181e+08
1.0041e+08
1.0061e+08
1.0071e+08
1.0091e+08
1.0111e+08
1.0131e+08
1.0171e+08
1.0301e+08
1.0451e+08
2.0051e+08
2.0081e+08
2.0151e+08
2.0161e+08
2.0191e+08
2.0261e+08
2.0281e+08
2.0401e+08
2.0481e+08
3.0061e+08
3.0141e+08
4.0021e+08
4.0101e+08
4.0121e+08
6.0181e+08
1.0041e+08
1.0061e+08
1.0071e+08
1.0091e+08
1.0111e+08
1.0131e+08
1.0171e+08
1.0301e+08
1.0451e+08
2.0051e+08
2.0081e+08
2.0151e+08
2.0161e+08
2.0191e+08
2.0261e+08
2.0281e+08
2.0401e+08
2.0481e+08
3.0061e+08
3.0141e+08
4.0021e+08
4.0101e+08
4.0121e+08
6.0181e+08
1.0042e+08
1.0062e+08
1.0072e+08
1.0092e+08
1.0112e+08
1.0132e+08
1.0172e+08
1.0302e+08
1.0452e+08
2.0052e+08
2.0082e+08
2.0152e+08
2.0162e+08
2.0192e+08
2.0262e+08
2.0282e+08
2.0402e+08
2.0482e+08
3.0062e+08
3.0142e+08
4.0022e+08
4.0102e+08
4.0122e+08
6.0182e+08
1.0042e+08
1.0062e+08
1.0072e+08
1.0092e+08
1.0112e+08
1.0132e+08
1.0172e+08
1.0302e+08
1.0452e+08
2.0052e+08
2.0082e+08
2.0152e+08
2.0162e+08
2.0192e+08
2.0262e+08
2.0282e+08
2.0402e+08
2.0482e+08
3.0062e+08
3.0142e+08
4.0022e+08
4.0102e+08
4.0122e+08
6.0182e+08
1.0042e+08
1.0062e+08
1.0072e+08
1.0092e+08
1.0112e+08
1.0132e+08
1.0172e+08
1.0302e+08
1.0452e+08
2.0052e+08
2.0082e+08
2.0152e+08
2.0162e+08
2.0192e+08
2.0262e+08
2.0282e+08
2.0402e+08
2.0482e+08
3.0062e+08
3.0142e+08
4.0022e+08
4.0102e+08
4.0122e+08
6.0182e+08
1.0042e+08
1.0062e+08
1.0072e+08
1.0092e+08
1.0112e+08
1.0132e+08
1.0172e+08
1.0302e+08
1.0452e+08
2.0052e+08
2.0082e+08
2.0152e+08
2.0162e+08
2.0192e+08
2.0262e+08
2.0282e+08
2.0402e+08
2.0482e+08
3.0062e+08
3.0142e+08
4.0022e+08
4.0102e+08
4.0122e+08
6.0182e+08
1.0042e+08
1.0062e+08
1.0072e+08
1.0092e+08
1.0112e+08
1.0132e+08
1.0172e+08
1.0302e+08
1.0452e+08
2.0052e+08
2.0082e+08
2.0152e+08
2.0162e+08
2.0192e+08
2.0262e+08
2.0282e+08
2.0402e+08
2.0482e+08
3.0062e+08
3.0142e+08
4.0022e+08
4.0102e+08
4.0122e+08
6.0182e+08
1.0042e+08
1.0062e+08
1.0072e+08
1.0092e+08
1.0112e+08
1.0132e+08
1.0172e+08
1.0302e+08
1.0452e+08
2.0052e+08
2.0082e+08
2.0152e+08
2.0162e+08
2.0192e+08
2.0262e+08
2.0282e+08
2.0402e+08
2.0482e+08
3.0062e+08
3.0142e+08
4.0022e+08
4.0102e+08
4.0122e+08
6.0182e+08
1.0043e+08
1.0063e+08
1.0073e+08
1.0093e+08
1.0113e+08
1.0133e+08
1.0173e+08
1.0303e+08
1.0453e+08
2.0053e+08
2.0083e+08
2.0153e+08
2.0163e+08
2.0193e+08
2.0263e+08
2.0283e+08
2.0403e+08
2.0483e+08
3.0063e+08
3.0143e+08
4.0023e+08
4.0103e+08
4.0123e+08
6.0183e+08
1.0043e+08
1.0063e+08
1.0073e+08
1.0093e+08
1.0113e+08
1.0133e+08
1.0173e+08
1.0303e+08
1.0453e+08
2.0053e+08
2.0083e+08
2.0153e+08
2.0163e+08
2.0193e+08
2.0263e+08
2.0283e+08
2.0403e+08
2.0483e+08
3.0063e+08
3.0143e+08
4.0023e+08
4.0103e+08
4.0123e+08
6.0183e+08
1.0043e+08
1.0063e+08
1.0073e+08
1.0093e+08
1.0113e+08
1.0133e+08
1.0173e+08
1.0303e+08
1.0453e+08
2.0053e+08
2.0083e+08
2.0153e+08
2.0163e+08
2.0193e+08
2.0263e+08
2.0283e+08
2.0403e+08
2.0483e+08
3.0063e+08
3.0143e+08
4.0023e+08
4.0103e+08
4.0123e+08
6.0183e+08
1.0043e+08
1.0063e+08
1.0073e+08
1.0093e+08
1.0113e+08
1.0133e+08
1.0173e+08
1.0303e+08
1.0453e+08
2.0053e+08
2.0083e+08
2.0153e+08
2.0163e+08
2.0193e+08
2.0263e+08
2.0283e+08
2.0403e+08
2.0483e+08
3.0063e+08
3.0143e+08
4.0023e+08
4.0103e+08
4.0123e+08
6.0183e+08
1.0043e+08
1.0063e+08
1.0073e+08
1.0093e+08
1.0113e+08
1.0133e+08
1.0173e+08
1.0303e+08
1.0453e+08
2.0053e+08
2.0083e+08
2.0153e+08
2.0163e+08
2.0193e+08
2.0263e+08
2.0283e+08
2.0403e+08
2.0483e+08
3.0063e+08
3.0143e+08
4.0023e+08
4.0103e+08
4.0123e+08
6.0183e+08
1.0043e+08
1.0063e+08
1.0073e+08
1.0093e+08
1.0113e+08
1.0133e+08
1.0173e+08
1.0303e+08
1.0453e+08
2.0053e+08
2.0083e+08
2.0153e+08
2.0163e+08
2.0193e+08
2.0263e+08
2.0283e+08
2.0403e+08
2.0483e+08
3.0063e+08
3.0143e+08
4.0023e+08
4.0103e+08
4.0123e+08
6.0183e+08
1.0043e+08
1.0063e+08
1.0073e+08
1.0093e+08
1.0113e+08
1.0133e+08
1.0173e+08
1.0303e+08
1.0453e+08
2.0053e+08
2.0083e+08
2.0153e+08
2.0163e+08
2.0193e+08
2.0263e+08
2.0283e+08
2.0403e+08
2.0483e+08
3.0063e+08
3.0143e+08
4.0023e+08
4.0103e+08
4.0123e+08
6.0183e+08
1.0043e+08
1.0063e+08
1.0073e+08
1.0093e+08
1.0113e+08
1.0133e+08
1.0173e+08
1.0303e+08
1.0453e+08
2.0053e+08
2.0083e+08
2.0153e+08
2.0163e+08
2.0193e+08
2.0263e+08
2.0283e+08
2.0403e+08
2.0483e+08
3.0063e+08
3.0143e+08
4.0023e+08
4.0103e+08
4.0123e+08
6.0183e+08
1.0043e+08
1.0063e+08
1.0073e+08
1.0093e+08
1.0113e+08
1.0133e+08
1.0173e+08
1.0303e+08
1.0453e+08
2.0053e+08
2.0083e+08
2.0153e+08
2.0163e+08
2.0193e+08
2.0263e+08
2.0283e+08
2.0403e+08
2.0483e+08
3.0063e+08
3.0143e+08
4.0023e+08
4.0103e+08
4.0123e+08
6.0183e+08
1.0044e+08
1.0064e+08
1.0074e+08
1.0094e+08
1.0114e+08
1.0134e+08
1.0174e+08
1.0304e+08
1.0454e+08
2.0054e+08
2.0084e+08
2.0154e+08
2.0164e+08
2.0194e+08
2.0264e+08
2.0284e+08
2.0404e+08
2.0484e+08
3.0064e+08
3.0144e+08
4.0024e+08
4.0104e+08
4.0124e+08
6.0184e+08
1.0044e+08
1.0064e+08
1.0074e+08
1.0094e+08
1.0114e+08
1.0134e+08
1.0174e+08
1.0304e+08
1.0454e+08
2.0054e+08
2.0084e+08
2.0154e+08
2.0164e+08
2.0194e+08
2.0264e+08
2.0284e+08
2.0404e+08
2.0484e+08
3.0064e+08
3.0144e+08
4.0024e+08
4.0104e+08
4.0124e+08
6.0184e+08
1.0044e+08
1.0064e+08
1.0074e+08
1.0094e+08
1.0114e+08
1.0134e+08
1.0174e+08
1.0304e+08
1.0454e+08
2.0054e+08
2.0084e+08
2.0154e+08
2.0164e+08
2.0194e+08
2.0264e+08
2.0284e+08
2.0404e+08
2.0484e+08
3.0064e+08
3.0144e+08
4.0024e+08
4.0104e+08
4.0124e+08
6.0184e+08
1.0044e+08
1.0064e+08
1.0074e+08
1.0094e+08
1.0114e+08
1.0134e+08
1.0174e+08
1.0304e+08
1.0454e+08
2.0054e+08
2.0084e+08
2.0154e+08
2.0164e+08
2.0194e+08
2.0264e+08
2.0284e+08
2.0404e+08
2.0484e+08
3.0064e+08
3.0144e+08
4.0024e+08
4.0104e+08
4.0124e+08
6.0184e+08
1.0044e+08
1.0064e+08
1.0074e+08
1.0094e+08
1.0114e+08
1.0134e+08
1.0174e+08
1.0304e+08
1.0454e+08
2.0054e+08
2.0084e+08
2.0154e+08
2.0164e+08
2.0194e+08
2.0264e+08
2.0284e+08
2.0404e+08
2.0484e+08
3.0064e+08
3.0144e+08
4.0024e+08
4.0104e+08
4.0124e+08
6.0184e+08
1.0044e+08
1.0064e+08
1.0074e+08
1.0094e+08
1.0114e+08
1.0134e+08
1.0174e+08
1.0304e+08
1.0454e+08
2.0054e+08
2.0084e+08
2.0154e+08
2.0164e+08
2.0194e+08
2.0264e+08
2.0284e+08
2.0404e+08
2.0484e+08
3.0064e+08
3.0144e+08
4.0024e+08
4.0104e+08
4.0124e+08
6.0184e+08
1.0044e+08
1.0064e+08
1.0074e+08
1.0094e+08
1.0114e+08
1.0134e+08
1.0174e+08
1.0304e+08
1.0454e+08
2.0054e+08
2.0084e+08
2.0154e+08
2.0164e+08
2.0194e+08
2.0264e+08
2.0284e+08
2.0404e+08
2.0484e+08
3.0064e+08
3.0144e+08
4.0024e+08
4.0104e+08
4.0124e+08
6.0184e+08
1.0044e+08
1.0064e+08
1.0074e+08
1.0094e+08
1.0114e+08
1.0134e+08
1.0174e+08
1.0304e+08
1.0454e+08
2.0054e+08
2.0084e+08
2.0154e+08
2.0164e+08
2.0194e+08
2.0264e+08
2.0284e+08
2.0404e+08
2.0484e+08
3.0064e+08
3.0144e+08
4.0024e+08
4.0104e+08
4.0124e+08
6.0184e+08
1.0044e+08
1.0064e+08
1.0074e+08
1.0094e+08
1.0114e+08
1.0134e+08
1.0174e+08
1.0304e+08
1.0454e+08
2.0054e+08
2.0084e+08
2.0154e+08
2.0164e+08
2.0194e+08
2.0264e+08
2.0284e+08
2.0404e+08
2.0484e+08
3.0064e+08
3.0144e+08
4.0024e+08
4.0104e+08
4.0124e+08
6.0184e+08
1.0045e+08
1.0065e+08
1.0075e+08
1.0095e+08
1.0115e+08
1.0135e+08
1.0175e+08
1.0305e+08
1.0455e+08
2.0055e+08
2.0085e+08
2.0155e+08
2.0165e+08
2.0195e+08
2.0265e+08
2.0285e+08
2.0405e+08
2.0485e+08
3.0065e+08
3.0145e+08
4.0025e+08
4.0105e+08
4.0125e+08
6.0185e+08
1.0045e+08
1.0065e+08
1.0075e+08
1.0095e+08
1.0115e+08
1.0135e+08
1.0175e+08
1.0305e+08
1.0455e+08
2.0055e+08
2.0085e+08
2.0155e+08
2.0165e+08
2.0195e+08
2.0265e+08
2.0285e+08
2.0405e+08
2.0485e+08
3.0065e+08
3.0145e+08
4.0025e+08
4.0105e+08
4.0125e+08
6.0185e+08
1.0045e+08
1.0065e+08
1.0075e+08
1.0095e+08
1.0115e+08
1.0135e+08
1.0175e+08
1.0305e+08
1.0455e+08
2.0055e+08
2.0085e+08
2.0155e+08
2.0165e+08
2.0195e+08
2.0265e+08
2.0285e+08
2.0405e+08
2.0485e+08
3.0065e+08
3.0145e+08
4.0025e+08
4.0105e+08
4.0125e+08
6.0185e+08
1.0045e+08
1.0065e+08
1.0075e+08
1.0095e+08
1.0115e+08
1.0135e+08
1.0175e+08
1.0305e+08
1.0455e+08
2.0055e+08
2.0085e+08
2.0155e+08
2.0165e+08
2.0195e+08
2.0265e+08
2.0285e+08
2.0405e+08
2.0485e+08
3.0065e+08
3.0145e+08
4.0025e+08
4.0105e+08
4.0125e+08
6.0185e+08
1.0045e+08
1.0065e+08
1.0075e+08
1.0095e+08
1.0115e+08
1.0135e+08
1.0175e+08
1.0305e+08
1.0455e+08
2.0055e+08
2.0085e+08
2.0155e+08
2.0165e+08
2.0195e+08
2.0265e+08
2.0285e+08
2.0405e+08
2.0485e+08
3.0065e+08
3.0145e+08
4.0025e+08
4.0105e+08
4.0125e+08
6.0185e+08
1.0045e+08
1.0065e+08
1.0075e+08
1.0095e+08
1.0115e+08
1.0135e+08
1.0175e+08
1.0305e+08
1.0455e+08
2.0055e+08
2.0085e+08
2.0155e+08
2.0165e+08
2.0195e+08
2.0265e+08
2.0285e+08
2.0405e+08
2.0485e+08
3.0065e+08
3.0145e+08
4.0025e+08
4.0105e+08
4.0125e+08
6.0185e+08
1.0045e+08
1.0065e+08
1.0075e+08
1.0095e+08
1.0115e+08
1.0135e+08
1.0175e+08
1.0305e+08
1.0455e+08
2.0055e+08
2.0085e+08
2.0155e+08
2.0165e+08
2.0195e+08
2.0265e+08
2.0285e+08
2.0405e+08
2.0485e+08
3.0065e+08
3.0145e+08
4.0025e+08
4.0105e+08
4.0125e+08
6.0185e+08
1.0046e+08
1.0066e+08
1.0076e+08
1.0096e+08
1.0116e+08
1.0136e+08
1.0176e+08
1.0306e+08
1.0456e+08
2.0056e+08
2.0086e+08
2.0156e+08
2.0166e+08
2.0196e+08
2.0266e+08
2.0286e+08
2.0406e+08
2.0486e+08
3.0066e+08
3.0146e+08
4.0026e+08
4.0106e+08
4.0126e+08
6.0186e+08
1.0046e+08
1.0066e+08
1.0076e+08
1.0096e+08
1.0116e+08
1.0136e+08
1.0176e+08
1.0306e+08
1.0456e+08
2.0056e+08
2.0086e+08
2.0156e+08
2.0166e+08
2.0196e+08
2.0266e+08
2.0286e+08
2.0406e+08
2.0486e+08
3.0066e+08
3.0146e+08
4.0026e+08
4.0106e+08
4.0126e+08
6.0186e+08
1.0046e+08
1.0066e+08
1.0076e+08
1.0096e+08
1.0116e+08
1.0136e+08
1.0176e+08
1.0306e+08
1.0456e+08
2.0056e+08
2.0086e+08
2.0156e+08
2.0166e+08
2.0196e+08
2.0266e+08
2.0286e+08
2.0406e+08
2.0486e+08
3.0066e+08
3.0146e+08
4.0026e+08
4.0106e+08
4.0126e+08
6.0186e+08
1.0046e+08
1.0066e+08
1.0076e+08
1.0096e+08
1.0116e+08
1.0136e+08
1.0176e+08
1.0306e+08
1.0456e+08
2.0056e+08
2.0086e+08
2.0156e+08
2.0166e+08
2.0196e+08
2.0266e+08
2.0286e+08
2.0406e+08
2.0486e+08
3.0066e+08
3.0146e+08
4.0026e+08
4.0106e+08
4.0126e+08
6.0186e+08
1.0046e+08
1.0066e+08
1.0076e+08
1.0096e+08
1.0116e+08
1.0136e+08
1.0176e+08
1.0306e+08
1.0456e+08
2.0056e+08
2.0086e+08
2.0156e+08
2.0166e+08
2.0196e+08
2.0266e+08
2.0286e+08
2.0406e+08
2.0486e+08
3.0066e+08
3.0146e+08
4.0026e+08
4.0106e+08
4.0126e+08
6.0186e+08
1.0047e+08
1.0067e+08
1.0077e+08
1.0097e+08
1.0117e+08
1.0137e+08
1.0177e+08
1.0307e+08
1.0457e+08
2.0057e+08
2.0087e+08
2.0157e+08
2.0167e+08
2.0197e+08
2.0267e+08
2.0287e+08
2.0407e+08
2.0487e+08
3.0067e+08
3.0147e+08
4.0027e+08
4.0107e+08
4.0127e+08
6.0187e+08
1.004e+08
1.006e+08
1.007e+08
1.009e+08
1.011e+08
1.013e+08
1.017e+08
1.03e+08
1.045e+08
2.005e+08
2.008e+08
2.015e+08
2.016e+08
2.019e+08
2.026e+08
2.028e+08
2.04e+08
2.048e+08
3.006e+08
3.014e+08
4.002e+08
4.01e+08
4.012e+08
6.018e+08
1.004e+08
1.006e+08
1.007e+08
1.009e+08
1.011e+08
1.013e+08
1.017e+08
1.03e+08
1.045e+08
2.005e+08
2.008e+08
2.015e+08
2.016e+08
2.019e+08
2.026e+08
2.028e+08
2.04e+08
2.048e+08
3.006e+08
3.014e+08
4.002e+08
4.01e+08
4.012e+08
6.018e+08
1.004e+08
1.006e+08
1.007e+08
1.009e+08
1.011e+08
1.013e+08
1.017e+08
1.03e+08
1.045e+08
2.005e+08
2.008e+08
2.015e+08
2.016e+08
2.019e+08
2.026e+08
2.028e+08
2.04e+08
2.048e+08
3.006e+08
3.014e+08
4.002e+08
4.01e+08
4.012e+08
6.018e+08
1.0041e+08
1.0061e+08
1.0071e+08
1.0091e+08
1.0111e+08
1.0131e+08
1.0171e+08
1.0301e+08
1.0451e+08
2.0051e+08
2.0081e+08
2.0151e+08
2.0161e+08
2.0191e+08
2.0261e+08
2.0281e+08
2.0401e+08
2.0481e+08
3.0061e+08
3.0141e+08
4.0021e+08
4.0101e+08
4.0121e+08
6.0181e+08
1.0041e+08
1.0061e+08
1.0071e+08
1.0091e+08
1.0111e+08
1.0131e+08
1.0171e+08
1.0301e+08
1.0451e+08
2.0051e+08
2.0081e+08
2.0151e+08
2.0161e+08
2.0191e+08
2.0261e+08
2.0281e+08
2.0401e+08
2.0481e+08
3.0061e+08
3.0141e+08
4.0021e+08
4.0101e+08
4.0121e+08
6.0181e+08
1.0041e+08
1.0061e+08
1.0071e+08
1.0091e+08
1.0111e+08
1.0131e+08
1.0171e+08
1.0301e+08
1.0451e+08
2.0051e+08
2.0081e+08
2.0151e+08
2.0161e+08
2.0191e+08
2.0261e+08
2.0281e+08
2.0401e+08
2.0481e+08
3.0061e+08
3.0141e+08
4.0021e+08
4.0101e+08
4.0121e+08
6.0181e+08
1.0041e+08
1.0061e+08
1.0071e+08
1.0091e+08
1.0111e+08
1.0131e+08
1.0171e+08
1.0301e+08
1.0451e+08
2.0051e+08
2.0081e+08
2.0151e+08
2.0161e+08
2.0191e+08
2.0261e+08
2.0281e+08
2.0401e+08
2.0481e+08
3.0061e+08
3.0141e+08
4.0021e+08
4.0101e+08
4.0121e+08
6.0181e+08
1.0041e+08
1.0061e+08
1.0071e+08
1.0091e+08
1.0111e+08
1.0131e+08
1.0171e+08
1.0301e+08
1.0451e+08
2.0051e+08
2.0081e+08
2.0151e+08
2.0161e+08
2.0191e+08
2.0261e+08
2.0281e+08
2.0401e+08
2.0481e+08
3.0061e+08
3.0141e+08
4.0021e+08
4.0101e+08
4.0121e+08
6.0181e+08
1.0041e+08
1.0061e+08
1.0071e+08
1.0091e+08
1.0111e+08
1.0131e+08
1.0171e+08
1.0301e+08
1.0451e+08
2.0051e+08
2.0081e+08
2.0151e+08
2.0161e+08
2.0191e+08
2.0261e+08
2.0281e+08
2.0401e+08
2.0481e+08
3.0061e+08
3.0141e+08
4.0021e+08
4.0101e+08
4.0121e+08
6.0181e+08
1.0041e+08
1.0061e+08
1.0071e+08
1.0091e+08
1.0111e+08
1.0131e+08
1.0171e+08
1.0301e+08
1.0451e+08
2.0051e+08
2.0081e+08
2.0151e+08
2.0161e+08
2.0191e+08
2.0261e+08
2.0281e+08
2.0401e+08
2.0481e+08
3.0061e+08
3.0141e+08
4.0021e+08
4.0101e+08
4.0121e+08
6.0181e+08
1.0042e+08
1.0062e+08
1.0072e+08
1.0092e+08
1.0112e+08
1.0132e+08
1.0172e+08
1.0302e+08
1.0452e+08
2.0052e+08
2.0082e+08
2.0152e+08
2.0162e+08
2.0192e+08
2.0262e+08
2.0282e+08
2.0402e+08
2.0482e+08
3.0062e+08
3.0142e+08
4.0022e+08
4.0102e+08
4.0122e+08
6.0182e+08
1.0042e+08
1.0062e+08
1.0072e+08
1.0092e+08
1.0112e+08
1.0132e+08
1.0172e+08
1.0302e+08
1.0452e+08
2.0052e+08
2.0082e+08
2.0152e+08
2.0162e+08
2.0192e+08
2.0262e+08
2.0282e+08
2.0402e+08
2.0482e+08
3.0062e+08
3.0142e+08
4.0022e+08
4.0102e+08
4.0122e+08
6.0182e+08
1.0042e+08
1.0062e+08
1.0072e+08
1.0092e+08
1.0112e+08
1.0132e+08
1.0172e+08
1.0302e+08
1.0452e+08
2.0052e+08
2.0082e+08
2.0152e+08
2.0162e+08
2.0192e+08
2.0262e+08
2.0282e+08
2.0402e+08
2.0482e+08
3.0062e+08
3.0142e+08
4.0022e+08
4.0102e+08
4.0122e+08
6.0182e+08
1.0042e+08
1.0062e+08
1.0072e+08
1.0092e+08
1.0112e+08
1.0132e+08
1.0172e+08
1.0302e+08
1.0452e+08
2.0052e+08
2.0082e+08
2.0152e+08
2.0162e+08
2.0192e+08
2.0262e+08
2.0282e+08
2.0402e+08
2.0482e+08
3.0062e+08
3.0142e+08
4.0022e+08
4.0102e+08
4.0122e+08
6.0182e+08
1.0042e+08
1.0062e+08
1.0072e+08
1.0092e+08
1.0112e+08
1.0132e+08
1.0172e+08
1.0302e+08
1.0452e+08
2.0052e+08
2.0082e+08
2.0152e+08
2.0162e+08
2.0192e+08
2.0262e+08
2.0282e+08
2.0402e+08
2.0482e+08
3.0062e+08
3.0142e+08
4.0022e+08
4.0102e+08
4.0122e+08
6.0182e+08
1.0042e+08
1.0062e+08
1.0072e+08
1.0092e+08
1.0112e+08
1.0132e+08
1.0172e+08
1.0302e+08
1.0452e+08
2.0052e+08
2.0082e+08
2.0152e+08
2.0162e+08
2.0192e+08
2.0262e+08
2.0282e+08
2.0402e+08
2.0482e+08
3.0062e+08
3.0142e+08
4.0022e+08
4.0102e+08
4.0122e+08
6.0182e+08
1.0043e+08
1.0063e+08
1.0073e+08
1.0093e+08
1.0113e+08
1.0133e+08
1.0173e+08
1.0303e+08
1.0453e+08
2.0053e+08
2.0083e+08
2.0153e+08
2.0163e+08
2.0193e+08
2.0263e+08
2.0283e+08
2.0403e+08
2.0483e+08
3.0063e+08
3.0143e+08
4.0023e+08
4.0103e+08
4.0123e+08
6.0183e+08
1.0043e+08
1.0063e+08
1.0073e+08
1.0093e+08
1.0113e+08
1.0133e+08
1.0173e+08
1.0303e+08
1.0453e+08
2.0053e+08
2.0083e+08
2.0153e+08
2.0163e+08
2.0193e+08
2.0263e+08
2.0283e+08
2.0403e+08
2.0483e+08
3.0063e+08
3.0143e+08
4.0023e+08
4.0103e+08
4.0123e+08
6.0183e+08
1.0043e+08
1.0063e+08
1.0073e+08
1.0093e+08
1.0113e+08
1.0133e+08
1.0173e+08
1.0303e+08
1.0453e+08
2.0053e+08
2.0083e+08
2.0153e+08
2.0163e+08
2.0193e+08
2.0263e+08
2.0283e+08
2.0403e+08
2.0483e+08
3.0063e+08
3.0143e+08
4.0023e+08
4.0103e+08
4.0123e+08
6.0183e+08
1.0043e+08
1.0063e+08
1.0073e+08
1.0093e+08
1.0113e+08
1.0133e+08
1.0173e+08
1.0303e+08
1.0453e+08
2.0053e+08
2.0083e+08
2.0153e+08
2.0163e+08
2.0193e+08
2.0263e+08
2.0283e+08
2.0403e+08
2.0483e+08
3.0063e+08
3.0143e+08
4.0023e+08
4.0103e+08
4.0123e+08
6.0183e+08
1.0043e+08
1.0063e+08
1.0073e+08
1.0093e+08
1.0113e+08
1.0133e+08
1.0173e+08
1.0303e+08
1.0453e+08
2.0053e+08
2.0083e+08
2.0153e+08
2.0163e+08
2.0193e+08
2.0263e+08
2.0283e+08
2.0403e+08
2.0483e+08
3.0063e+08
3.0143e+08
4.0023e+08
4.0103e+08
4.0123e+08
6.0183e+08
1.0043e+08
1.0063e+08
1.0073e+08
1.0093e+08
1.0113e+08
1.0133e+08
1.0173e+08
1.0303e+08
1.0453e+08
2.0053e+08
2.0083e+08
2.0153e+08
2.0163e+08
2.0193e+08
2.0263e+08
2.0283e+08
2.0403e+08
2.0483e+08
3.0063e+08
3.0143e+08
4.0023e+08
4.0103e+08
4.0123e+08
6.0183e+08
1.0043e+08
1.0063e+08
1.0073e+08
1.0093e+08
1.0113e+08
1.0133e+08
1.0173e+08
1.0303e+08
1.0453e+08
2.0053e+08
2.0083e+08
2.0153e+08
2.0163e+08
2.0193e+08
2.0263e+08
2.0283e+08
2.0403e+08
2.0483e+08
3.0063e+08
3.0143e+08
4.0023e+08
4.0103e+08
4.0123e+08
6.0183e+08
1.0043e+08
1.0063e+08
1.0073e+08
1.0093e+08
1.0113e+08
1.0133e+08
1.0173e+08
1.0303e+08
1.0453e+08
2.0053e+08
2.0083e+08
2.0153e+08
2.0163e+08
2.0193e+08
2.0263e+08
2.0283e+08
2.0403e+08
2.0483e+08
3.0063e+08
3.0143e+08
4.0023e+08
4.0103e+08
4.0123e+08
6.0183e+08
1.0043e+08
1.0063e+08
1.0073e+08
1.0093e+08
1.0113e+08
1.0133e+08
1.0173e+08
1.0303e+08
1.0453e+08
2.0053e+08
2.0083e+08
2.0153e+08
2.0163e+08
2.0193e+08
2.0263e+08
2.0283e+08
2.0403e+08
2.0483e+08
3.0063e+08
3.0143e+08
4.0023e+08
4.0103e+08
4.0123e+08
6.0183e+08
1.0044e+08
1.0064e+08
1.0074e+08
1.0094e+08
1.0114e+08
1.0134e+08
1.0174e+08
1.0304e+08
1.0454e+08
2.0054e+08
2.0084e+08
2.0154e+08
2.0164e+08
2.0194e+08
2.0264e+08
2.0284e+08
2.0404e+08
2.0484e+08
3.0064e+08
3.0144e+08
4.0024e+08
4.0104e+08
4.0124e+08
6.0184e+08
1.0044e+08
1.0064e+08
1.0074e+08
1.0094e+08
1.0114e+08
1.0134e+08
1.0174e+08
1.0304e+08
1.0454e+08
2.0054e+08
2.0084e+08
2.0154e+08
2.0164e+08
2.0194e+08
2.0264e+08
2.0284e+08
2.0404e+08
2.0484e+08
3.0064e+08
3.0144e+08
4.0024e+08
4.0104e+08
4.0124e+08
6.0184e+08
1.0044e+08
1.0064e+08
1.0074e+08
1.0094e+08
1.0114e+08
1.0134e+08
1.0174e+08
1.0304e+08
1.0454e+08
2.0054e+08
2.0084e+08
2.0154e+08
2.0164e+08
2.0194e+08
2.0264e+08
2.0284e+08
2.0404e+08
2.0484e+08
3.0064e+08
3.0144e+08
4.0024e+08
4.0104e+08
4.0124e+08
6.0184e+08
1.0044e+08
1.0064e+08
1.0074e+08
1.0094e+08
1.0114e+08
1.0134e+08
1.0174e+08
1.0304e+08
1.0454e+08
2.0054e+08
2.0084e+08
2.0154e+08
2.0164e+08
2.0194e+08
2.0264e+08
2.0284e+08
2.0404e+08
2.0484e+08
3.0064e+08
3.0144e+08
4.0024e+08
4.0104e+08
4.0124e+08
6.0184e+08
1.0044e+08
1.0064e+08
1.0074e+08
1.0094e+08
1.0114e+08
1.0134e+08
1.0174e+08
1.0304e+08
1.0454e+08
2.0054e+08
2.0084e+08
2.0154e+08
2.0164e+08
2.0194e+08
2.0264e+08
2.0284e+08
2.0404e+08
2.0484e+08
3.0064e+08
3.0144e+08
4.0024e+08
4.0104e+08
4.0124e+08
6.0184e+08
1.0044e+08
1.0064e+08
1.0074e+08
1.0094e+08
1.0114e+08
1.0134e+08
1.0174e+08
1.0304e+08
1.0454e+08
2.0054e+08
2.0084e+08
2.0154e+08
2.0164e+08
2.0194e+08
2.0264e+08
2.0284e+08
2.0404e+08
2.0484e+08
3.0064e+08
3.0144e+08
4.0024e+08
4.0104e+08
4.0124e+08
6.0184e+08
1.0044e+08
1.0064e+08
1.0074e+08
1.0094e+08
1.0114e+08
1.0134e+08
1.0174e+08
1.0304e+08
1.0454e+08
2.0054e+08
2.0084e+08
2.0154e+08
2.0164e+08
2.0194e+08
2.0264e+08
2.0284e+08
2.0404e+08
2.0484e+08
3.0064e+08
3.0144e+08
4.0024e+08
4.0104e+08
4.0124e+08
6.0184e+08
1.0044e+08
1.0064e+08
1.0074e+08
1.0094e+08
1.0114e+08
1.0134e+08
1.0174e+08
1.0304e+08
1.0454e+08
2.0054e+08
2.0084e+08
2.0154e+08
2.0164e+08
2.0194e+08
2.0264e+08
2.0284e+08
2.0404e+08
2.0484e+08
3.0064e+08
3.0144e+08
4.0024e+08
4.0104e+08
4.0124e+08
6.0184e+08
1.0044e+08
1.0064e+08
1.0074e+08
1.0094e+08
1.0114e+08
1.0134e+08
1.0174e+08
1.0304e+08
1.0454e+08
2.0054e+08
2.0084e+08
2.0154e+08
2.0164e+08
2.0194e+08
2.0264e+08
2.0284e+08
2.0404e+08
2.0484e+08
3.0064e+08
3.0144e+08
4.0024e+08
4.0104e+08
4.0124e+08
6.0184e+08
1.0045e+08
1.0065e+08
1.0075e+08
1.0095e+08
1.0115e+08
1.0135e+08
1.0175e+08
1.0305e+08
1.0455e+08
2.0055e+08
2.0085e+08
2.0155e+08
2.0165e+08
2.0195e+08
2.0265e+08
2.0285e+08
2.0405e+08
2.0485e+08
3.0065e+08
3.0145e+08
4.0025e+08
4.0105e+08
4.0125e+08
6.0185e+08
1.0045e+08
1.0065e+08
1.0075e+08
1.0095e+08
1.0115e+08
1.0135e+08
1.0175e+08
1.0305e+08
1.0455e+08
2.0055e+08
2.0085e+08
2.0155e+08
2.0165e+08
2.0195e+08
2.0265e+08
2.0285e+08
2.0405e+08
2.0485e+08
3.0065e+08
3.0145e+08
4.0025e+08
4.0105e+08
4.0125e+08
6.0185e+08
1.0045e+08
1.0065e+08
1.0075e+08
1.0095e+08
1.0115e+08
1.0135e+08
1.0175e+08
1.0305e+08
1.0455e+08
2.0055e+08
2.0085e+08
2.0155e+08
2.0165e+08
2.0195e+08
2.0265e+08
2.0285e+08
2.0405e+08
2.0485e+08
3.0065e+08
3.0145e+08
4.0025e+08
4.0105e+08
4.0125e+08
6.0185e+08
1.0045e+08
1.0065e+08
1.0075e+08
1.0095e+08
1.0115e+08
1.0135e+08
1.0175e+08
1.0305e+08
1.0455e+08
2.0055e+08
2.0085e+08
2.0155e+08
2.0165e+08
2.0195e+08
2.0265e+08
2.0285e+08
2.0405e+08
2.0485e+08
3.0065e+08
3.0145e+08
4.0025e+08
4.0105e+08
4.0125e+08
6.0185e+08
1.0045e+08
1.0065e+08
1.0075e+08
1.0095e+08
1.0115e+08
1.0135e+08
1.0175e+08
1.0305e+08
1.0455e+08
2.0055e+08
2.0085e+08
2.0155e+08
2.0165e+08
2.0195e+08
2.0265e+08
2.0285e+08
2.0405e+08
2.0485e+08
3.0065e+08
3.0145e+08
4.0025e+08
4.0105e+08
4.0125e+08
6.0185e+08
1.0045e+08
1.0065e+08
1.0075e+08
1.0095e+08
1.0115e+08
1.0135e+08
1.0175e+08
1.0305e+08
1.0455e+08
2.0055e+08
2.0085e+08
2.0155e+08
2.0165e+08
2.0195e+08
2.0265e+08
2.0285e+08
2.0405e+08
2.0485e+08
3.0065e+08
3.0145e+08
4.0025e+08
4.0105e+08
4.0125e+08
6.0185e+08
1.0045e+08
1.0065e+08
1.0075e+08
1.0095e+08
1.0115e+08
1.0135e+08
1.0175e+08
1.0305e+08
1.0455e+08
2.0055e+08
2.0085e+08
2.0155e+08
2.0165e+08
2.0195e+08
2.0265e+08
2.0285e+08
2.0405e+08
2.0485e+08
3.0065e+08
3.0145e+08
4.0025e+08
4.0105e+08
4.0125e+08
6.0185e+08
1.0046e+08
1.0066e+08
1.0076e+08
1.0096e+08
1.0116e+08
1.0136e+08
1.0176e+08
1.0306e+08
1.0456e+08
2.0056e+08
2.0086e+08
2.0156e+08
2.0166e+08
2.0196e+08
2.0266e+08
2.0286e+08
2.0406e+08
2.0486e+08
3.0066e+08
3.0146e+08
4.0026e+08
4.0106e+08
4.0126e+08
6.0186e+08
1.0046e+08
1.0066e+08
1.0076e+08
1.0096e+08
1.0116e+08
1.0136e+08
1.0176e+08
1.0306e+08
1.0456e+08
2.0056e+08
2.0086e+08
2.0156e+08
2.0166e+08
2.0196e+08
2.0266e+08
2.0286e+08
2.0406e+08
2.0486e+08
3.0066e+08
3.0146e+08
4.0026e+08
4.0106e+08
4.0126e+08
6.0186e+08
1.0046e+08
1.0066e+08
1.0076e+08
1.0096e+08
1.0116e+08
1.0136e+08
1.0176e+08
1.0306e+08
1.0456e+08
2.0056e+08
2.0086e+08
2.0156e+08
2.0166e+08
2.0196e+08
2.0266e+08
2.0286e+08
2.0406e+08
2.0486e+08
3.0066e+08
3.0146e+08
4.0026e+08
4.0106e+08
4.0126e+08
6.0186e+08
1.0046e+08
1.0066e+08
1.0076e+08
1.0096e+08
1.0116e+08
1.0136e+08
1.0176e+08
1.0306e+08
1.0456e+08
2.0056e+08
2.0086e+08
2.0156e+08
2.0166e+08
2.0196e+08
2.0266e+08
2.0286e+08
2.0406e+08
2.0486e+08
3.0066e+08
3.0146e+08
4.0026e+08
4.0106e+08
4.0126e+08
6.0186e+08
1.0046e+08
1.0066e+08
1.0076e+08
1.0096e+08
1.0116e+08
1.0136e+08
1.0176e+08
1.0306e+08
1.0456e+08
2.0056e+08
2.0086e+08
2.0156e+08
2.0166e+08
2.0196e+08
2.0266e+08
2.0286e+08
2.0406e+08
2.0486e+08
3.0066e+08
3.0146e+08
4.0026e+08
4.0106e+08
4.0126e+08
6.0186e+08
1.0047e+08
1.0067e+08
1.0077e+08
1.0097e+08
1.0117e+08
1.0137e+08
1.0177e+08
1.0307e+08
1.0457e+08
2.0057e+08
2.0087e+08
2.0157e+08
2.0167e+08
2.0197e+08
2.0267e+08
2.0287e+08
2.0407e+08
2.0487e+08
3.0067e+08
3.0147e+08
4.0027e+08
4.0107e+08
4.0127e+08
6.0187e+08
