-0.5883826918742899
-0.5883826918742899
-0.5883826918742899
-0.5883826918742899
-0.5883826918742899
-0.5883826918742899
-0.5883826918742899
-0.5883826918742899
-0.5883826918742899
-0.5883826918742899
-0.5883826918742899
-0.5883826918742899
-0.5883826918742899
-0.5883826918742899
-0.5883826918742899
-0.5883826918742899
-0.5883826918742899
-0.5883826918742899
-0.5883826918742899
-0.5883826918742899
-0.5883826918742899
-0.5883826918742899
-0.5883826918742899
-0.5883826918742899
-0.5358348306038261
-0.5358348306038261
-0.5358348306038261
-0.5358348306038261
-0.5358348306038261
-0.5358348306038261
-0.5358348306038261
-0.5358348306038261
-0.5358348306038261
-0.5358348306038261
-0.5358348306038261
-0.5358348306038261
-0.5358348306038261
-0.5358348306038261
-0.5358348306038261
-0.5358348306038261
-0.5358348306038261
-0.5358348306038261
-0.5358348306038261
-0.5358348306038261
-0.5358348306038261
-0.5358348306038261
-0.5358348306038261
-0.5358348306038261
-1.10438322689257
-1.10438322689257
-1.10438322689257
-1.10438322689257
-1.10438322689257
-1.10438322689257
-1.10438322689257
-1.10438322689257
-1.10438322689257
-1.10438322689257
-1.10438322689257
-1.10438322689257
-1.10438322689257
-1.10438322689257
-1.10438322689257
-1.10438322689257
-1.10438322689257
-1.10438322689257
-1.10438322689257
-1.10438322689257
-1.10438322689257
-1.10438322689257
-1.10438322689257
-1.10438322689257
-0.5522149947927607
-0.5522149947927607
-0.5522149947927607
-0.5522149947927607
-0.5522149947927607
-0.5522149947927607
-0.5522149947927607
-0.5522149947927607
-0.5522149947927607
-0.5522149947927607
-0.5522149947927607
-0.5522149947927607
-0.5522149947927607
-0.5522149947927607
-0.5522149947927607
-0.5522149947927607
-0.5522149947927607
-0.5522149947927607
-0.5522149947927607
-0.5522149947927607
-0.5522149947927607
-0.5522149947927607
-0.5522149947927607
-0.5522149947927607
-0.9029319564933538
-0.9029319564933538
-0.9029319564933538
-0.9029319564933538
-0.9029319564933538
-0.9029319564933538
-0.9029319564933538
-0.9029319564933538
-0.9029319564933538
-0.9029319564933538
-0.9029319564933538
-0.9029319564933538
-0.9029319564933538
-0.9029319564933538
-0.9029319564933538
-0.9029319564933538
-0.9029319564933538
-0.9029319564933538
-0.9029319564933538
-0.9029319564933538
-0.9029319564933538
-0.9029319564933538
-0.9029319564933538
-0.9029319564933538
-0.5461913150046128
-0.5461913150046128
-0.5461913150046128
-0.5461913150046128
-0.5461913150046128
-0.5461913150046128
-0.5461913150046128
-0.5461913150046128
-0.5461913150046128
-0.5461913150046128
-0.5461913150046128
-0.5461913150046128
-0.5461913150046128
-0.5461913150046128
-0.5461913150046128
-0.5461913150046128
-0.5461913150046128
-0.5461913150046128
-0.5461913150046128
-0.5461913150046128
-0.5461913150046128
-0.5461913150046128
-0.5461913150046128
-0.5461913150046128
-0.646439023506545
-0.646439023506545
-0.646439023506545
-0.646439023506545
-0.646439023506545
-0.646439023506545
-0.646439023506545
-0.646439023506545
-0.646439023506545
-0.646439023506545
-0.646439023506545
-0.646439023506545
-0.646439023506545
-0.646439023506545
-0.646439023506545
-0.646439023506545
-0.646439023506545
-0.646439023506545
-0.646439023506545
-0.646439023506545
-0.646439023506545
-0.646439023506545
-0.646439023506545
-0.646439023506545
-0.6201511215423173
-0.6201511215423173
-0.6201511215423173
-0.6201511215423173
-0.6201511215423173
-0.6201511215423173
-0.6201511215423173
-0.6201511215423173
-0.6201511215423173
-0.6201511215423173
-0.6201511215423173
-0.6201511215423173
-0.6201511215423173
-0.6201511215423173
-0.6201511215423173
-0.6201511215423173
-0.6201511215423173
-0.6201511215423173
-0.6201511215423173
-0.6201511215423173
-0.6201511215423173
-0.6201511215423173
-0.6201511215423173
-0.6201511215423173
-0.5997867778287643
-0.5997867778287643
-0.5997867778287643
-0.5997867778287643
-0.5997867778287643
-0.5997867778287643
-0.5997867778287643
-0.5997867778287643
-0.5997867778287643
-0.5997867778287643
-0.5997867778287643
-0.5997867778287643
-0.5997867778287643
-0.5997867778287643
-0.5997867778287643
-0.5997867778287643
-0.5997867778287643
-0.5997867778287643
-0.5997867778287643
-0.5997867778287643
-0.5997867778287643
-0.5997867778287643
-0.5997867778287643
-0.5997867778287643
-0.7563068500777956
-0.7563068500777956
-0.7563068500777956
-0.7563068500777956
-0.7563068500777956
-0.7563068500777956
-0.7563068500777956
-0.7563068500777956
-0.7563068500777956
-0.7563068500777956
-0.7563068500777956
-0.7563068500777956
-0.7563068500777956
-0.7563068500777956
-0.7563068500777956
-0.7563068500777956
-0.7563068500777956
-0.7563068500777956
-0.7563068500777956
-0.7563068500777956
-0.7563068500777956
-0.7563068500777956
-0.7563068500777956
-0.7563068500777956
-0.5905064636139151
-0.5905064636139151
-0.5905064636139151
-0.5905064636139151
-0.5905064636139151
-0.5905064636139151
-0.5905064636139151
-0.5905064636139151
-0.5905064636139151
-0.5905064636139151
-0.5905064636139151
-0.5905064636139151
-0.5905064636139151
-0.5905064636139151
-0.5905064636139151
-0.5905064636139151
-0.5905064636139151
-0.5905064636139151
-0.5905064636139151
-0.5905064636139151
-0.5905064636139151
-0.5905064636139151
-0.5905064636139151
-0.5905064636139151
-0.8716117822594898
-0.8716117822594898
-0.8716117822594898
-0.8716117822594898
-0.8716117822594898
-0.8716117822594898
-0.8716117822594898
-0.8716117822594898
-0.8716117822594898
-0.8716117822594898
-0.8716117822594898
-0.8716117822594898
-0.8716117822594898
-0.8716117822594898
-0.8716117822594898
-0.8716117822594898
-0.8716117822594898
-0.8716117822594898
-0.8716117822594898
-0.8716117822594898
-0.8716117822594898
-0.8716117822594898
-0.8716117822594898
-0.8716117822594898
-0.8341424788559206
-0.8341424788559206
-0.8341424788559206
-0.8341424788559206
-0.8341424788559206
-0.8341424788559206
-0.8341424788559206
-0.8341424788559206
-0.8341424788559206
-0.8341424788559206
-0.8341424788559206
-0.8341424788559206
-0.8341424788559206
-0.8341424788559206
-0.8341424788559206
-0.8341424788559206
-0.8341424788559206
-0.8341424788559206
-0.8341424788559206
-0.8341424788559206
-0.8341424788559206
-0.8341424788559206
-0.8341424788559206
-0.8341424788559206
-0.724606150146374
-0.724606150146374
-0.724606150146374
-0.724606150146374
-0.724606150146374
-0.724606150146374
-0.724606150146374
-0.724606150146374
-0.724606150146374
-0.724606150146374
-0.724606150146374
-0.724606150146374
-0.724606150146374
-0.724606150146374
-0.724606150146374
-0.724606150146374
-0.724606150146374
-0.724606150146374
-0.724606150146374
-0.724606150146374
-0.724606150146374
-0.724606150146374
-0.724606150146374
-0.724606150146374
-0.8542397556171946
-0.8542397556171946
-0.8542397556171946
-0.8542397556171946
-0.8542397556171946
-0.8542397556171946
-0.8542397556171946
-0.8542397556171946
-0.8542397556171946
-0.8542397556171946
-0.8542397556171946
-0.8542397556171946
-0.8542397556171946
-0.8542397556171946
-0.8542397556171946
-0.8542397556171946
-0.8542397556171946
-0.8542397556171946
-0.8542397556171946
-0.8542397556171946
-0.8542397556171946
-0.8542397556171946
-0.8542397556171946
-0.8542397556171946
-0.4241385662324627
-0.4241385662324627
-0.4241385662324627
-0.4241385662324627
-0.4241385662324627
-0.4241385662324627
-0.4241385662324627
-0.4241385662324627
-0.4241385662324627
-0.4241385662324627
-0.4241385662324627
-0.4241385662324627
-0.4241385662324627
-0.4241385662324627
-0.4241385662324627
-0.4241385662324627
-0.4241385662324627
-0.4241385662324627
-0.4241385662324627
-0.4241385662324627
-0.4241385662324627
-0.4241385662324627
-0.4241385662324627
-0.4241385662324627
-0.3192232442278693
-0.3192232442278693
-0.3192232442278693
-0.3192232442278693
-0.3192232442278693
-0.3192232442278693
-0.3192232442278693
-0.3192232442278693
-0.3192232442278693
-0.3192232442278693
-0.3192232442278693
-0.3192232442278693
-0.3192232442278693
-0.3192232442278693
-0.3192232442278693
-0.3192232442278693
-0.3192232442278693
-0.3192232442278693
-0.3192232442278693
-0.3192232442278693
-0.3192232442278693
-0.3192232442278693
-0.3192232442278693
-0.3192232442278693
-0.5616377271415549
-0.5616377271415549
-0.5616377271415549
-0.5616377271415549
-0.5616377271415549
-0.5616377271415549
-0.5616377271415549
-0.5616377271415549
-0.5616377271415549
-0.5616377271415549
-0.5616377271415549
-0.5616377271415549
-0.5616377271415549
-0.5616377271415549
-0.5616377271415549
-0.5616377271415549
-0.5616377271415549
-0.5616377271415549
-0.5616377271415549
-0.5616377271415549
-0.5616377271415549
-0.5616377271415549
-0.5616377271415549
-0.5616377271415549
-0.962788056580631
-0.962788056580631
-0.962788056580631
-0.962788056580631
-0.962788056580631
-0.962788056580631
-0.962788056580631
-0.962788056580631
-0.962788056580631
-0.962788056580631
-0.962788056580631
-0.962788056580631
-0.962788056580631
-0.962788056580631
-0.962788056580631
-0.962788056580631
-0.962788056580631
-0.962788056580631
-0.962788056580631
-0.962788056580631
-0.962788056580631
-0.962788056580631
-0.962788056580631
-0.962788056580631
-0.4765133643158498
-0.4765133643158498
-0.4765133643158498
-0.4765133643158498
-0.4765133643158498
-0.4765133643158498
-0.4765133643158498
-0.4765133643158498
-0.4765133643158498
-0.4765133643158498
-0.4765133643158498
-0.4765133643158498
-0.4765133643158498
-0.4765133643158498
-0.4765133643158498
-0.4765133643158498
-0.4765133643158498
-0.4765133643158498
-0.4765133643158498
-0.4765133643158498
-0.4765133643158498
-0.4765133643158498
-0.4765133643158498
-0.4765133643158498
-0.5186971765607975
-0.5186971765607975
-0.5186971765607975
-0.5186971765607975
-0.5186971765607975
-0.5186971765607975
-0.5186971765607975
-0.5186971765607975
-0.5186971765607975
-0.5186971765607975
-0.5186971765607975
-0.5186971765607975
-0.5186971765607975
-0.5186971765607975
-0.5186971765607975
-0.5186971765607975
-0.5186971765607975
-0.5186971765607975
-0.5186971765607975
-0.5186971765607975
-0.5186971765607975
-0.5186971765607975
-0.5186971765607975
-0.5186971765607975
-0.834602740184518
-0.834602740184518
-0.834602740184518
-0.834602740184518
-0.834602740184518
-0.834602740184518
-0.834602740184518
-0.834602740184518
-0.834602740184518
-0.834602740184518
-0.834602740184518
-0.834602740184518
-0.834602740184518
-0.834602740184518
-0.834602740184518
-0.834602740184518
-0.834602740184518
-0.834602740184518
-0.834602740184518
-0.834602740184518
-0.834602740184518
-0.834602740184518
-0.834602740184518
-0.834602740184518
-0.4838450109299503
-0.4838450109299503
-0.4838450109299503
-0.4838450109299503
-0.4838450109299503
-0.4838450109299503
-0.4838450109299503
-0.4838450109299503
-0.4838450109299503
-0.4838450109299503
-0.4838450109299503
-0.4838450109299503
-0.4838450109299503
-0.4838450109299503
-0.4838450109299503
-0.4838450109299503
-0.4838450109299503
-0.4838450109299503
-0.4838450109299503
-0.4838450109299503
-0.4838450109299503
-0.4838450109299503
-0.4838450109299503
-0.4838450109299503
-0.4410849291709163
-0.4410849291709163
-0.4410849291709163
-0.4410849291709163
-0.4410849291709163
-0.4410849291709163
-0.4410849291709163
-0.4410849291709163
-0.4410849291709163
-0.4410849291709163
-0.4410849291709163
-0.4410849291709163
-0.4410849291709163
-0.4410849291709163
-0.4410849291709163
-0.4410849291709163
-0.4410849291709163
-0.4410849291709163
-0.4410849291709163
-0.4410849291709163
-0.4410849291709163
-0.4410849291709163
-0.4410849291709163
-0.4410849291709163
-0.6873629076800705
-0.6873629076800705
-0.6873629076800705
-0.6873629076800705
-0.6873629076800705
-0.6873629076800705
-0.6873629076800705
-0.6873629076800705
-0.6873629076800705
-0.6873629076800705
-0.6873629076800705
-0.6873629076800705
-0.6873629076800705
-0.6873629076800705
-0.6873629076800705
-0.6873629076800705
-0.6873629076800705
-0.6873629076800705
-0.6873629076800705
-0.6873629076800705
-0.6873629076800705
-0.6873629076800705
-0.6873629076800705
-0.6873629076800705
-1.116695307501457
-1.116695307501457
-1.116695307501457
-1.116695307501457
-1.116695307501457
-1.116695307501457
-1.116695307501457
-1.116695307501457
-1.116695307501457
-1.116695307501457
-1.116695307501457
-1.116695307501457
-1.116695307501457
-1.116695307501457
-1.116695307501457
-1.116695307501457
-1.116695307501457
-1.116695307501457
-1.116695307501457
-1.116695307501457
-1.116695307501457
-1.116695307501457
-1.116695307501457
-1.116695307501457
-0.61756158683804
-0.61756158683804
-0.61756158683804
-0.61756158683804
-0.61756158683804
-0.61756158683804
-0.61756158683804
-0.61756158683804
-0.61756158683804
-0.61756158683804
-0.61756158683804
-0.61756158683804
-0.61756158683804
-0.61756158683804
-0.61756158683804
-0.61756158683804
-0.61756158683804
-0.61756158683804
-0.61756158683804
-0.61756158683804
-0.61756158683804
-0.61756158683804
-0.61756158683804
-0.61756158683804
-0.5003899666288024
-0.5003899666288024
-0.5003899666288024
-0.5003899666288024
-0.5003899666288024
-0.5003899666288024
-0.5003899666288024
-0.5003899666288024
-0.5003899666288024
-0.5003899666288024
-0.5003899666288024
-0.5003899666288024
-0.5003899666288024
-0.5003899666288024
-0.5003899666288024
-0.5003899666288024
-0.5003899666288024
-0.5003899666288024
-0.5003899666288024
-0.5003899666288024
-0.5003899666288024
-0.5003899666288024
-0.5003899666288024
-0.5003899666288024
-0.5502766795622008
-0.5502766795622008
-0.5502766795622008
-0.5502766795622008
-0.5502766795622008
-0.5502766795622008
-0.5502766795622008
-0.5502766795622008
-0.5502766795622008
-0.5502766795622008
-0.5502766795622008
-0.5502766795622008
-0.5502766795622008
-0.5502766795622008
-0.5502766795622008
-0.5502766795622008
-0.5502766795622008
-0.5502766795622008
-0.5502766795622008
-0.5502766795622008
-0.5502766795622008
-0.5502766795622008
-0.5502766795622008
-0.5502766795622008
-0.4862711868429059
-0.4862711868429059
-0.4862711868429059
-0.4862711868429059
-0.4862711868429059
-0.4862711868429059
-0.4862711868429059
-0.4862711868429059
-0.4862711868429059
-0.4862711868429059
-0.4862711868429059
-0.4862711868429059
-0.4862711868429059
-0.4862711868429059
-0.4862711868429059
-0.4862711868429059
-0.4862711868429059
-0.4862711868429059
-0.4862711868429059
-0.4862711868429059
-0.4862711868429059
-0.4862711868429059
-0.4862711868429059
-0.4862711868429059
-0.5342730628738575
-0.5342730628738575
-0.5342730628738575
-0.5342730628738575
-0.5342730628738575
-0.5342730628738575
-0.5342730628738575
-0.5342730628738575
-0.5342730628738575
-0.5342730628738575
-0.5342730628738575
-0.5342730628738575
-0.5342730628738575
-0.5342730628738575
-0.5342730628738575
-0.5342730628738575
-0.5342730628738575
-0.5342730628738575
-0.5342730628738575
-0.5342730628738575
-0.5342730628738575
-0.5342730628738575
-0.5342730628738575
-0.5342730628738575
-0.6159212081049551
-0.6159212081049551
-0.6159212081049551
-0.6159212081049551
-0.6159212081049551
-0.6159212081049551
-0.6159212081049551
-0.6159212081049551
-0.6159212081049551
-0.6159212081049551
-0.6159212081049551
-0.6159212081049551
-0.6159212081049551
-0.6159212081049551
-0.6159212081049551
-0.6159212081049551
-0.6159212081049551
-0.6159212081049551
-0.6159212081049551
-0.6159212081049551
-0.6159212081049551
-0.6159212081049551
-0.6159212081049551
-0.6159212081049551
-0.7831938731520922
-0.7831938731520922
-0.7831938731520922
-0.7831938731520922
-0.7831938731520922
-0.7831938731520922
-0.7831938731520922
-0.7831938731520922
-0.7831938731520922
-0.7831938731520922
-0.7831938731520922
-0.7831938731520922
-0.7831938731520922
-0.7831938731520922
-0.7831938731520922
-0.7831938731520922
-0.7831938731520922
-0.7831938731520922
-0.7831938731520922
-0.7831938731520922
-0.7831938731520922
-0.7831938731520922
-0.7831938731520922
-0.7831938731520922
-0.2310634496396992
-0.2310634496396992
-0.2310634496396992
-0.2310634496396992
-0.2310634496396992
-0.2310634496396992
-0.2310634496396992
-0.2310634496396992
-0.2310634496396992
-0.2310634496396992
-0.2310634496396992
-0.2310634496396992
-0.2310634496396992
-0.2310634496396992
-0.2310634496396992
-0.2310634496396992
-0.2310634496396992
-0.2310634496396992
-0.2310634496396992
-0.2310634496396992
-0.2310634496396992
-0.2310634496396992
-0.2310634496396992
-0.2310634496396992
-0.8146565107090014
-0.8146565107090014
-0.8146565107090014
-0.8146565107090014
-0.8146565107090014
-0.8146565107090014
-0.8146565107090014
-0.8146565107090014
-0.8146565107090014
-0.8146565107090014
-0.8146565107090014
-0.8146565107090014
-0.8146565107090014
-0.8146565107090014
-0.8146565107090014
-0.8146565107090014
-0.8146565107090014
-0.8146565107090014
-0.8146565107090014
-0.8146565107090014
-0.8146565107090014
-0.8146565107090014
-0.8146565107090014
-0.8146565107090014
-0.6763580248363985
-0.6763580248363985
-0.6763580248363985
-0.6763580248363985
-0.6763580248363985
-0.6763580248363985
-0.6763580248363985
-0.6763580248363985
-0.6763580248363985
-0.6763580248363985
-0.6763580248363985
-0.6763580248363985
-0.6763580248363985
-0.6763580248363985
-0.6763580248363985
-0.6763580248363985
-0.6763580248363985
-0.6763580248363985
-0.6763580248363985
-0.6763580248363985
-0.6763580248363985
-0.6763580248363985
-0.6763580248363985
-0.6763580248363985
-0.5826223150195193
-0.5826223150195193
-0.5826223150195193
-0.5826223150195193
-0.5826223150195193
-0.5826223150195193
-0.5826223150195193
-0.5826223150195193
-0.5826223150195193
-0.5826223150195193
-0.5826223150195193
-0.5826223150195193
-0.5826223150195193
-0.5826223150195193
-0.5826223150195193
-0.5826223150195193
-0.5826223150195193
-0.5826223150195193
-0.5826223150195193
-0.5826223150195193
-0.5826223150195193
-0.5826223150195193
-0.5826223150195193
-0.5826223150195193
-0.9735923047734729
-0.9735923047734729
-0.9735923047734729
-0.9735923047734729
-0.9735923047734729
-0.9735923047734729
-0.9735923047734729
-0.9735923047734729
-0.9735923047734729
-0.9735923047734729
-0.9735923047734729
-0.9735923047734729
-0.9735923047734729
-0.9735923047734729
-0.9735923047734729
-0.9735923047734729
-0.9735923047734729
-0.9735923047734729
-0.9735923047734729
-0.9735923047734729
-0.9735923047734729
-0.9735923047734729
-0.9735923047734729
-0.9735923047734729
-0.6395812660490819
-0.6395812660490819
-0.6395812660490819
-0.6395812660490819
-0.6395812660490819
-0.6395812660490819
-0.6395812660490819
-0.6395812660490819
-0.6395812660490819
-0.6395812660490819
-0.6395812660490819
-0.6395812660490819
-0.6395812660490819
-0.6395812660490819
-0.6395812660490819
-0.6395812660490819
-0.6395812660490819
-0.6395812660490819
-0.6395812660490819
-0.6395812660490819
-0.6395812660490819
-0.6395812660490819
-0.6395812660490819
-0.6395812660490819
-0.4661078499761461
-0.4661078499761461
-0.4661078499761461
-0.4661078499761461
-0.4661078499761461
-0.4661078499761461
-0.4661078499761461
-0.4661078499761461
-0.4661078499761461
-0.4661078499761461
-0.4661078499761461
-0.4661078499761461
-0.4661078499761461
-0.4661078499761461
-0.4661078499761461
-0.4661078499761461
-0.4661078499761461
-0.4661078499761461
-0.4661078499761461
-0.4661078499761461
-0.4661078499761461
-0.4661078499761461
-0.4661078499761461
-0.4661078499761461
-0.2043605956454389
-0.2043605956454389
-0.2043605956454389
-0.2043605956454389
-0.2043605956454389
-0.2043605956454389
-0.2043605956454389
-0.2043605956454389
-0.2043605956454389
-0.2043605956454389
-0.2043605956454389
-0.2043605956454389
-0.2043605956454389
-0.2043605956454389
-0.2043605956454389
-0.2043605956454389
-0.2043605956454389
-0.2043605956454389
-0.2043605956454389
-0.2043605956454389
-0.2043605956454389
-0.2043605956454389
-0.2043605956454389
-0.2043605956454389
-0.4655210449256956
-0.4655210449256956
-0.4655210449256956
-0.4655210449256956
-0.4655210449256956
-0.4655210449256956
-0.4655210449256956
-0.4655210449256956
-0.4655210449256956
-0.4655210449256956
-0.4655210449256956
-0.4655210449256956
-0.4655210449256956
-0.4655210449256956
-0.4655210449256956
-0.4655210449256956
-0.4655210449256956
-0.4655210449256956
-0.4655210449256956
-0.4655210449256956
-0.4655210449256956
-0.4655210449256956
-0.4655210449256956
-0.4655210449256956
-0.778867258826346
-0.778867258826346
-0.778867258826346
-0.778867258826346
-0.778867258826346
-0.778867258826346
-0.778867258826346
-0.778867258826346
-0.778867258826346
-0.778867258826346
-0.778867258826346
-0.778867258826346
-0.778867258826346
-0.778867258826346
-0.778867258826346
-0.778867258826346
-0.778867258826346
-0.778867258826346
-0.778867258826346
-0.778867258826346
-0.778867258826346
-0.778867258826346
-0.778867258826346
-0.778867258826346
-1.053900081340041
-1.053900081340041
-1.053900081340041
-1.053900081340041
-1.053900081340041
-1.053900081340041
-1.053900081340041
-1.053900081340041
-1.053900081340041
-1.053900081340041
-1.053900081340041
-1.053900081340041
-1.053900081340041
-1.053900081340041
-1.053900081340041
-1.053900081340041
-1.053900081340041
-1.053900081340041
-1.053900081340041
-1.053900081340041
-1.053900081340041
-1.053900081340041
-1.053900081340041
-1.053900081340041
-0.77373487490471
-0.77373487490471
-0.77373487490471
-0.77373487490471
-0.77373487490471
-0.77373487490471
-0.77373487490471
-0.77373487490471
-0.77373487490471
-0.77373487490471
-0.77373487490471
-0.77373487490471
-0.77373487490471
-0.77373487490471
-0.77373487490471
-0.77373487490471
-0.77373487490471
-0.77373487490471
-0.77373487490471
-0.77373487490471
-0.77373487490471
-0.77373487490471
-0.77373487490471
-0.77373487490471
-1.009012502119111
-1.009012502119111
-1.009012502119111
-1.009012502119111
-1.009012502119111
-1.009012502119111
-1.009012502119111
-1.009012502119111
-1.009012502119111
-1.009012502119111
-1.009012502119111
-1.009012502119111
-1.009012502119111
-1.009012502119111
-1.009012502119111
-1.009012502119111
-1.009012502119111
-1.009012502119111
-1.009012502119111
-1.009012502119111
-1.009012502119111
-1.009012502119111
-1.009012502119111
-1.009012502119111
-0.5544727604003903
-0.5544727604003903
-0.5544727604003903
-0.5544727604003903
-0.5544727604003903
-0.5544727604003903
-0.5544727604003903
-0.5544727604003903
-0.5544727604003903
-0.5544727604003903
-0.5544727604003903
-0.5544727604003903
-0.5544727604003903
-0.5544727604003903
-0.5544727604003903
-0.5544727604003903
-0.5544727604003903
-0.5544727604003903
-0.5544727604003903
-0.5544727604003903
-0.5544727604003903
-0.5544727604003903
-0.5544727604003903
-0.5544727604003903
-0.6876733743262829
-0.6876733743262829
-0.6876733743262829
-0.6876733743262829
-0.6876733743262829
-0.6876733743262829
-0.6876733743262829
-0.6876733743262829
-0.6876733743262829
-0.6876733743262829
-0.6876733743262829
-0.6876733743262829
-0.6876733743262829
-0.6876733743262829
-0.6876733743262829
-0.6876733743262829
-0.6876733743262829
-0.6876733743262829
-0.6876733743262829
-0.6876733743262829
-0.6876733743262829
-0.6876733743262829
-0.6876733743262829
-0.6876733743262829
-0.4130310534989614
-0.4130310534989614
-0.4130310534989614
-0.4130310534989614
-0.4130310534989614
-0.4130310534989614
-0.4130310534989614
-0.4130310534989614
-0.4130310534989614
-0.4130310534989614
-0.4130310534989614
-0.4130310534989614
-0.4130310534989614
-0.4130310534989614
-0.4130310534989614
-0.4130310534989614
-0.4130310534989614
-0.4130310534989614
-0.4130310534989614
-0.4130310534989614
-0.4130310534989614
-0.4130310534989614
-0.4130310534989614
-0.4130310534989614
-0.9192365628012815
-0.9192365628012815
-0.9192365628012815
-0.9192365628012815
-0.9192365628012815
-0.9192365628012815
-0.9192365628012815
-0.9192365628012815
-0.9192365628012815
-0.9192365628012815
-0.9192365628012815
-0.9192365628012815
-0.9192365628012815
-0.9192365628012815
-0.9192365628012815
-0.9192365628012815
-0.9192365628012815
-0.9192365628012815
-0.9192365628012815
-0.9192365628012815
-0.9192365628012815
-0.9192365628012815
-0.9192365628012815
-0.9192365628012815
-0.5037650931646305
-0.5037650931646305
-0.5037650931646305
-0.5037650931646305
-0.5037650931646305
-0.5037650931646305
-0.5037650931646305
-0.5037650931646305
-0.5037650931646305
-0.5037650931646305
-0.5037650931646305
-0.5037650931646305
-0.5037650931646305
-0.5037650931646305
-0.5037650931646305
-0.5037650931646305
-0.5037650931646305
-0.5037650931646305
-0.5037650931646305
-0.5037650931646305
-0.5037650931646305
-0.5037650931646305
-0.5037650931646305
-0.5037650931646305
-1.188836464960589
-1.188836464960589
-1.188836464960589
-1.188836464960589
-1.188836464960589
-1.188836464960589
-1.188836464960589
-1.188836464960589
-1.188836464960589
-1.188836464960589
-1.188836464960589
-1.188836464960589
-1.188836464960589
-1.188836464960589
-1.188836464960589
-1.188836464960589
-1.188836464960589
-1.188836464960589
-1.188836464960589
-1.188836464960589
-1.188836464960589
-1.188836464960589
-1.188836464960589
-1.188836464960589
-1.003272746112772
-1.003272746112772
-1.003272746112772
-1.003272746112772
-1.003272746112772
-1.003272746112772
-1.003272746112772
-1.003272746112772
-1.003272746112772
-1.003272746112772
-1.003272746112772
-1.003272746112772
-1.003272746112772
-1.003272746112772
-1.003272746112772
-1.003272746112772
-1.003272746112772
-1.003272746112772
-1.003272746112772
-1.003272746112772
-1.003272746112772
-1.003272746112772
-1.003272746112772
-1.003272746112772
-0.5869401242829545
-0.5869401242829545
-0.5869401242829545
-0.5869401242829545
-0.5869401242829545
-0.5869401242829545
-0.5869401242829545
-0.5869401242829545
-0.5869401242829545
-0.5869401242829545
-0.5869401242829545
-0.5869401242829545
-0.5869401242829545
-0.5869401242829545
-0.5869401242829545
-0.5869401242829545
-0.5869401242829545
-0.5869401242829545
-0.5869401242829545
-0.5869401242829545
-0.5869401242829545
-0.5869401242829545
-0.5869401242829545
-0.5869401242829545
-0.6151171032778544
-0.6151171032778544
-0.6151171032778544
-0.6151171032778544
-0.6151171032778544
-0.6151171032778544
-0.6151171032778544
-0.6151171032778544
-0.6151171032778544
-0.6151171032778544
-0.6151171032778544
-0.6151171032778544
-0.6151171032778544
-0.6151171032778544
-0.6151171032778544
-0.6151171032778544
-0.6151171032778544
-0.6151171032778544
-0.6151171032778544
-0.6151171032778544
-0.6151171032778544
-0.6151171032778544
-0.6151171032778544
-0.6151171032778544
-0.6320486020240802
-0.6320486020240802
-0.6320486020240802
-0.6320486020240802
-0.6320486020240802
-0.6320486020240802
-0.6320486020240802
-0.6320486020240802
-0.6320486020240802
-0.6320486020240802
-0.6320486020240802
-0.6320486020240802
-0.6320486020240802
-0.6320486020240802
-0.6320486020240802
-0.6320486020240802
-0.6320486020240802
-0.6320486020240802
-0.6320486020240802
-0.6320486020240802
-0.6320486020240802
-0.6320486020240802
-0.6320486020240802
-0.6320486020240802
-0.7447867513649229
-0.7447867513649229
-0.7447867513649229
-0.7447867513649229
-0.7447867513649229
-0.7447867513649229
-0.7447867513649229
-0.7447867513649229
-0.7447867513649229
-0.7447867513649229
-0.7447867513649229
-0.7447867513649229
-0.7447867513649229
-0.7447867513649229
-0.7447867513649229
-0.7447867513649229
-0.7447867513649229
-0.7447867513649229
-0.7447867513649229
-0.7447867513649229
-0.7447867513649229
-0.7447867513649229
-0.7447867513649229
-0.7447867513649229
-0.542967565343757
-0.542967565343757
-0.542967565343757
-0.542967565343757
-0.542967565343757
-0.542967565343757
-0.542967565343757
-0.542967565343757
-0.542967565343757
-0.542967565343757
-0.542967565343757
-0.542967565343757
-0.542967565343757
-0.542967565343757
-0.542967565343757
-0.542967565343757
-0.542967565343757
-0.542967565343757
-0.542967565343757
-0.542967565343757
-0.542967565343757
-0.542967565343757
-0.542967565343757
-0.542967565343757
-0.9283629746962886
-0.9283629746962886
-0.9283629746962886
-0.9283629746962886
-0.9283629746962886
-0.9283629746962886
-0.9283629746962886
-0.9283629746962886
-0.9283629746962886
-0.9283629746962886
-0.9283629746962886
-0.9283629746962886
-0.9283629746962886
-0.9283629746962886
-0.9283629746962886
-0.9283629746962886
-0.9283629746962886
-0.9283629746962886
-0.9283629746962886
-0.9283629746962886
-0.9283629746962886
-0.9283629746962886
-0.9283629746962886
-0.9283629746962886
-0.7867496052631646
-0.7867496052631646
-0.7867496052631646
-0.7867496052631646
-0.7867496052631646
-0.7867496052631646
-0.7867496052631646
-0.7867496052631646
-0.7867496052631646
-0.7867496052631646
-0.7867496052631646
-0.7867496052631646
-0.7867496052631646
-0.7867496052631646
-0.7867496052631646
-0.7867496052631646
-0.7867496052631646
-0.7867496052631646
-0.7867496052631646
-0.7867496052631646
-0.7867496052631646
-0.7867496052631646
-0.7867496052631646
-0.7867496052631646
-0.7522066768926844
-0.7522066768926844
-0.7522066768926844
-0.7522066768926844
-0.7522066768926844
-0.7522066768926844
-0.7522066768926844
-0.7522066768926844
-0.7522066768926844
-0.7522066768926844
-0.7522066768926844
-0.7522066768926844
-0.7522066768926844
-0.7522066768926844
-0.7522066768926844
-0.7522066768926844
-0.7522066768926844
-0.7522066768926844
-0.7522066768926844
-0.7522066768926844
-0.7522066768926844
-0.7522066768926844
-0.7522066768926844
-0.7522066768926844
-0.7821789248759508
-0.7821789248759508
-0.7821789248759508
-0.7821789248759508
-0.7821789248759508
-0.7821789248759508
-0.7821789248759508
-0.7821789248759508
-0.7821789248759508
-0.7821789248759508
-0.7821789248759508
-0.7821789248759508
-0.7821789248759508
-0.7821789248759508
-0.7821789248759508
-0.7821789248759508
-0.7821789248759508
-0.7821789248759508
-0.7821789248759508
-0.7821789248759508
-0.7821789248759508
-0.7821789248759508
-0.7821789248759508
-0.7821789248759508
-0.4184580164371671
-0.4184580164371671
-0.4184580164371671
-0.4184580164371671
-0.4184580164371671
-0.4184580164371671
-0.4184580164371671
-0.4184580164371671
-0.4184580164371671
-0.4184580164371671
-0.4184580164371671
-0.4184580164371671
-0.4184580164371671
-0.4184580164371671
-0.4184580164371671
-0.4184580164371671
-0.4184580164371671
-0.4184580164371671
-0.4184580164371671
-0.4184580164371671
-0.4184580164371671
-0.4184580164371671
-0.4184580164371671
-0.4184580164371671
-0.3400176721591103
-0.3400176721591103
-0.3400176721591103
-0.3400176721591103
-0.3400176721591103
-0.3400176721591103
-0.3400176721591103
-0.3400176721591103
-0.3400176721591103
-0.3400176721591103
-0.3400176721591103
-0.3400176721591103
-0.3400176721591103
-0.3400176721591103
-0.3400176721591103
-0.3400176721591103
-0.3400176721591103
-0.3400176721591103
-0.3400176721591103
-0.3400176721591103
-0.3400176721591103
-0.3400176721591103
-0.3400176721591103
-0.3400176721591103
-0.8473375431877745
-0.8473375431877745
-0.8473375431877745
-0.8473375431877745
-0.8473375431877745
-0.8473375431877745
-0.8473375431877745
-0.8473375431877745
-0.8473375431877745
-0.8473375431877745
-0.8473375431877745
-0.8473375431877745
-0.8473375431877745
-0.8473375431877745
-0.8473375431877745
-0.8473375431877745
-0.8473375431877745
-0.8473375431877745
-0.8473375431877745
-0.8473375431877745
-0.8473375431877745
-0.8473375431877745
-0.8473375431877745
-0.8473375431877745
-0.7514952344472074
-0.7514952344472074
-0.7514952344472074
-0.7514952344472074
-0.7514952344472074
-0.7514952344472074
-0.7514952344472074
-0.7514952344472074
-0.7514952344472074
-0.7514952344472074
-0.7514952344472074
-0.7514952344472074
-0.7514952344472074
-0.7514952344472074
-0.7514952344472074
-0.7514952344472074
-0.7514952344472074
-0.7514952344472074
-0.7514952344472074
-0.7514952344472074
-0.7514952344472074
-0.7514952344472074
-0.7514952344472074
-0.7514952344472074
-0.6626434417712902
-0.6626434417712902
-0.6626434417712902
-0.6626434417712902
-0.6626434417712902
-0.6626434417712902
-0.6626434417712902
-0.6626434417712902
-0.6626434417712902
-0.6626434417712902
-0.6626434417712902
-0.6626434417712902
-0.6626434417712902
-0.6626434417712902
-0.6626434417712902
-0.6626434417712902
-0.6626434417712902
-0.6626434417712902
-0.6626434417712902
-0.6626434417712902
-0.6626434417712902
-0.6626434417712902
-0.6626434417712902
-0.6626434417712902
-0.6180007706910141
-0.6180007706910141
-0.6180007706910141
-0.6180007706910141
-0.6180007706910141
-0.6180007706910141
-0.6180007706910141
-0.6180007706910141
-0.6180007706910141
-0.6180007706910141
-0.6180007706910141
-0.6180007706910141
-0.6180007706910141
-0.6180007706910141
-0.6180007706910141
-0.6180007706910141
-0.6180007706910141
-0.6180007706910141
-0.6180007706910141
-0.6180007706910141
-0.6180007706910141
-0.6180007706910141
-0.6180007706910141
-0.6180007706910141
-0.9148052912366895
-0.9148052912366895
-0.9148052912366895
-0.9148052912366895
-0.9148052912366895
-0.9148052912366895
-0.9148052912366895
-0.9148052912366895
-0.9148052912366895
-0.9148052912366895
-0.9148052912366895
-0.9148052912366895
-0.9148052912366895
-0.9148052912366895
-0.9148052912366895
-0.9148052912366895
-0.9148052912366895
-0.9148052912366895
-0.9148052912366895
-0.9148052912366895
-0.9148052912366895
-0.9148052912366895
-0.9148052912366895
-0.9148052912366895
-0.4431638175085206
-0.4431638175085206
-0.4431638175085206
-0.4431638175085206
-0.4431638175085206
-0.4431638175085206
-0.4431638175085206
-0.4431638175085206
-0.4431638175085206
-0.4431638175085206
-0.4431638175085206
-0.4431638175085206
-0.4431638175085206
-0.4431638175085206
-0.4431638175085206
-0.4431638175085206
-0.4431638175085206
-0.4431638175085206
-0.4431638175085206
-0.4431638175085206
-0.4431638175085206
-0.4431638175085206
-0.4431638175085206
-0.4431638175085206
-0.4108539916639031
-0.4108539916639031
-0.4108539916639031
-0.4108539916639031
-0.4108539916639031
-0.4108539916639031
-0.4108539916639031
-0.4108539916639031
-0.4108539916639031
-0.4108539916639031
-0.4108539916639031
-0.4108539916639031
-0.4108539916639031
-0.4108539916639031
-0.4108539916639031
-0.4108539916639031
-0.4108539916639031
-0.4108539916639031
-0.4108539916639031
-0.4108539916639031
-0.4108539916639031
-0.4108539916639031
-0.4108539916639031
-0.4108539916639031
-0.7481989344854868
-0.7481989344854868
-0.7481989344854868
-0.7481989344854868
-0.7481989344854868
-0.7481989344854868
-0.7481989344854868
-0.7481989344854868
-0.7481989344854868
-0.7481989344854868
-0.7481989344854868
-0.7481989344854868
-0.7481989344854868
-0.7481989344854868
-0.7481989344854868
-0.7481989344854868
-0.7481989344854868
-0.7481989344854868
-0.7481989344854868
-0.7481989344854868
-0.7481989344854868
-0.7481989344854868
-0.7481989344854868
-0.7481989344854868
-1.084015124744185
-1.084015124744185
-1.084015124744185
-1.084015124744185
-1.084015124744185
-1.084015124744185
-1.084015124744185
-1.084015124744185
-1.084015124744185
-1.084015124744185
-1.084015124744185
-1.084015124744185
-1.084015124744185
-1.084015124744185
-1.084015124744185
-1.084015124744185
-1.084015124744185
-1.084015124744185
-1.084015124744185
-1.084015124744185
-1.084015124744185
-1.084015124744185
-1.084015124744185
-1.084015124744185
-0.5582671778924072
-0.5582671778924072
-0.5582671778924072
-0.5582671778924072
-0.5582671778924072
-0.5582671778924072
-0.5582671778924072
-0.5582671778924072
-0.5582671778924072
-0.5582671778924072
-0.5582671778924072
-0.5582671778924072
-0.5582671778924072
-0.5582671778924072
-0.5582671778924072
-0.5582671778924072
-0.5582671778924072
-0.5582671778924072
-0.5582671778924072
-0.5582671778924072
-0.5582671778924072
-0.5582671778924072
-0.5582671778924072
-0.5582671778924072
-0.4899175994638336
-0.4899175994638336
-0.4899175994638336
-0.4899175994638336
-0.4899175994638336
-0.4899175994638336
-0.4899175994638336
-0.4899175994638336
-0.4899175994638336
-0.4899175994638336
-0.4899175994638336
-0.4899175994638336
-0.4899175994638336
-0.4899175994638336
-0.4899175994638336
-0.4899175994638336
-0.4899175994638336
-0.4899175994638336
-0.4899175994638336
-0.4899175994638336
-0.4899175994638336
-0.4899175994638336
-0.4899175994638336
-0.4899175994638336
-0.6632696730346023
-0.6632696730346023
-0.6632696730346023
-0.6632696730346023
-0.6632696730346023
-0.6632696730346023
-0.6632696730346023
-0.6632696730346023
-0.6632696730346023
-0.6632696730346023
-0.6632696730346023
-0.6632696730346023
-0.6632696730346023
-0.6632696730346023
-0.6632696730346023
-0.6632696730346023
-0.6632696730346023
-0.6632696730346023
-0.6632696730346023
-0.6632696730346023
-0.6632696730346023
-0.6632696730346023
-0.6632696730346023
-0.6632696730346023
-0.4780171403374228
-0.4780171403374228
-0.4780171403374228
-0.4780171403374228
-0.4780171403374228
-0.4780171403374228
-0.4780171403374228
-0.4780171403374228
-0.4780171403374228
-0.4780171403374228
-0.4780171403374228
-0.4780171403374228
-0.4780171403374228
-0.4780171403374228
-0.4780171403374228
-0.4780171403374228
-0.4780171403374228
-0.4780171403374228
-0.4780171403374228
-0.4780171403374228
-0.4780171403374228
-0.4780171403374228
-0.4780171403374228
-0.4780171403374228
-0.5789441865513085
-0.5789441865513085
-0.5789441865513085
-0.5789441865513085
-0.5789441865513085
-0.5789441865513085
-0.5789441865513085
-0.5789441865513085
-0.5789441865513085
-0.5789441865513085
-0.5789441865513085
-0.5789441865513085
-0.5789441865513085
-0.5789441865513085
-0.5789441865513085
-0.5789441865513085
-0.5789441865513085
-0.5789441865513085
-0.5789441865513085
-0.5789441865513085
-0.5789441865513085
-0.5789441865513085
-0.5789441865513085
-0.5789441865513085
-0.61281074540852
-0.61281074540852
-0.61281074540852
-0.61281074540852
-0.61281074540852
-0.61281074540852
-0.61281074540852
-0.61281074540852
-0.61281074540852
-0.61281074540852
-0.61281074540852
-0.61281074540852
-0.61281074540852
-0.61281074540852
-0.61281074540852
-0.61281074540852
-0.61281074540852
-0.61281074540852
-0.61281074540852
-0.61281074540852
-0.61281074540852
-0.61281074540852
-0.61281074540852
-0.61281074540852
-0.9601771147659719
-0.9601771147659719
-0.9601771147659719
-0.9601771147659719
-0.9601771147659719
-0.9601771147659719
-0.9601771147659719
-0.9601771147659719
-0.9601771147659719
-0.9601771147659719
-0.9601771147659719
-0.9601771147659719
-0.9601771147659719
-0.9601771147659719
-0.9601771147659719
-0.9601771147659719
-0.9601771147659719
-0.9601771147659719
-0.9601771147659719
-0.9601771147659719
-0.9601771147659719
-0.9601771147659719
-0.9601771147659719
-0.9601771147659719
-0.3290323750522992
-0.3290323750522992
-0.3290323750522992
-0.3290323750522992
-0.3290323750522992
-0.3290323750522992
-0.3290323750522992
-0.3290323750522992
-0.3290323750522992
-0.3290323750522992
-0.3290323750522992
-0.3290323750522992
-0.3290323750522992
-0.3290323750522992
-0.3290323750522992
-0.3290323750522992
-0.3290323750522992
-0.3290323750522992
-0.3290323750522992
-0.3290323750522992
-0.3290323750522992
-0.3290323750522992
-0.3290323750522992
-0.3290323750522992
-0.9343507451871833
-0.9343507451871833
-0.9343507451871833
-0.9343507451871833
-0.9343507451871833
-0.9343507451871833
-0.9343507451871833
-0.9343507451871833
-0.9343507451871833
-0.9343507451871833
-0.9343507451871833
-0.9343507451871833
-0.9343507451871833
-0.9343507451871833
-0.9343507451871833
-0.9343507451871833
-0.9343507451871833
-0.9343507451871833
-0.9343507451871833
-0.9343507451871833
-0.9343507451871833
-0.9343507451871833
-0.9343507451871833
-0.9343507451871833
-0.8221602980719946
-0.8221602980719946
-0.8221602980719946
-0.8221602980719946
-0.8221602980719946
-0.8221602980719946
-0.8221602980719946
-0.8221602980719946
-0.8221602980719946
-0.8221602980719946
-0.8221602980719946
-0.8221602980719946
-0.8221602980719946
-0.8221602980719946
-0.8221602980719946
-0.8221602980719946
-0.8221602980719946
-0.8221602980719946
-0.8221602980719946
-0.8221602980719946
-0.8221602980719946
-0.8221602980719946
-0.8221602980719946
-0.8221602980719946
-0.7850185755142105
-0.7850185755142105
-0.7850185755142105
-0.7850185755142105
-0.7850185755142105
-0.7850185755142105
-0.7850185755142105
-0.7850185755142105
-0.7850185755142105
-0.7850185755142105
-0.7850185755142105
-0.7850185755142105
-0.7850185755142105
-0.7850185755142105
-0.7850185755142105
-0.7850185755142105
-0.7850185755142105
-0.7850185755142105
-0.7850185755142105
-0.7850185755142105
-0.7850185755142105
-0.7850185755142105
-0.7850185755142105
-0.7850185755142105
-0.9782521016165047
-0.9782521016165047
-0.9782521016165047
-0.9782521016165047
-0.9782521016165047
-0.9782521016165047
-0.9782521016165047
-0.9782521016165047
-0.9782521016165047
-0.9782521016165047
-0.9782521016165047
-0.9782521016165047
-0.9782521016165047
-0.9782521016165047
-0.9782521016165047
-0.9782521016165047
-0.9782521016165047
-0.9782521016165047
-0.9782521016165047
-0.9782521016165047
-0.9782521016165047
-0.9782521016165047
-0.9782521016165047
-0.9782521016165047
-0.6662855276113648
-0.6662855276113648
-0.6662855276113648
-0.6662855276113648
-0.6662855276113648
-0.6662855276113648
-0.6662855276113648
-0.6662855276113648
-0.6662855276113648
-0.6662855276113648
-0.6662855276113648
-0.6662855276113648
-0.6662855276113648
-0.6662855276113648
-0.6662855276113648
-0.6662855276113648
-0.6662855276113648
-0.6662855276113648
-0.6662855276113648
-0.6662855276113648
-0.6662855276113648
-0.6662855276113648
-0.6662855276113648
-0.6662855276113648
-0.471176978240632
-0.471176978240632
-0.471176978240632
-0.471176978240632
-0.471176978240632
-0.471176978240632
-0.471176978240632
-0.471176978240632
-0.471176978240632
-0.471176978240632
-0.471176978240632
-0.471176978240632
-0.471176978240632
-0.471176978240632
-0.471176978240632
-0.471176978240632
-0.471176978240632
-0.471176978240632
-0.471176978240632
-0.471176978240632
-0.471176978240632
-0.471176978240632
-0.471176978240632
-0.471176978240632
-0.2502281322059481
-0.2502281322059481
-0.2502281322059481
-0.2502281322059481
-0.2502281322059481
-0.2502281322059481
-0.2502281322059481
-0.2502281322059481
-0.2502281322059481
-0.2502281322059481
-0.2502281322059481
-0.2502281322059481
-0.2502281322059481
-0.2502281322059481
-0.2502281322059481
-0.2502281322059481
-0.2502281322059481
-0.2502281322059481
-0.2502281322059481
-0.2502281322059481
-0.2502281322059481
-0.2502281322059481
-0.2502281322059481
-0.2502281322059481
-0.5013714704430414
-0.5013714704430414
-0.5013714704430414
-0.5013714704430414
-0.5013714704430414
-0.5013714704430414
-0.5013714704430414
-0.5013714704430414
-0.5013714704430414
-0.5013714704430414
-0.5013714704430414
-0.5013714704430414
-0.5013714704430414
-0.5013714704430414
-0.5013714704430414
-0.5013714704430414
-0.5013714704430414
-0.5013714704430414
-0.5013714704430414
-0.5013714704430414
-0.5013714704430414
-0.5013714704430414
-0.5013714704430414
-0.5013714704430414
-0.62782064081373
-0.62782064081373
-0.62782064081373
-0.62782064081373
-0.62782064081373
-0.62782064081373
-0.62782064081373
-0.62782064081373
-0.62782064081373
-0.62782064081373
-0.62782064081373
-0.62782064081373
-0.62782064081373
-0.62782064081373
-0.62782064081373
-0.62782064081373
-0.62782064081373
-0.62782064081373
-0.62782064081373
-0.62782064081373
-0.62782064081373
-0.62782064081373
-0.62782064081373
-0.62782064081373
-0.9561919207467591
-0.9561919207467591
-0.9561919207467591
-0.9561919207467591
-0.9561919207467591
-0.9561919207467591
-0.9561919207467591
-0.9561919207467591
-0.9561919207467591
-0.9561919207467591
-0.9561919207467591
-0.9561919207467591
-0.9561919207467591
-0.9561919207467591
-0.9561919207467591
-0.9561919207467591
-0.9561919207467591
-0.9561919207467591
-0.9561919207467591
-0.9561919207467591
-0.9561919207467591
-0.9561919207467591
-0.9561919207467591
-0.9561919207467591
-0.581549782832433
-0.581549782832433
-0.581549782832433
-0.581549782832433
-0.581549782832433
-0.581549782832433
-0.581549782832433
-0.581549782832433
-0.581549782832433
-0.581549782832433
-0.581549782832433
-0.581549782832433
-0.581549782832433
-0.581549782832433
-0.581549782832433
-0.581549782832433
-0.581549782832433
-0.581549782832433
-0.581549782832433
-0.581549782832433
-0.581549782832433
-0.581549782832433
-0.581549782832433
-0.581549782832433
-0.9404425810307878
-0.9404425810307878
-0.9404425810307878
-0.9404425810307878
-0.9404425810307878
-0.9404425810307878
-0.9404425810307878
-0.9404425810307878
-0.9404425810307878
-0.9404425810307878
-0.9404425810307878
-0.9404425810307878
-0.9404425810307878
-0.9404425810307878
-0.9404425810307878
-0.9404425810307878
-0.9404425810307878
-0.9404425810307878
-0.9404425810307878
-0.9404425810307878
-0.9404425810307878
-0.9404425810307878
-0.9404425810307878
-0.9404425810307878
-0.442424603317235
-0.442424603317235
-0.442424603317235
-0.442424603317235
-0.442424603317235
-0.442424603317235
-0.442424603317235
-0.442424603317235
-0.442424603317235
-0.442424603317235
-0.442424603317235
-0.442424603317235
-0.442424603317235
-0.442424603317235
-0.442424603317235
-0.442424603317235
-0.442424603317235
-0.442424603317235
-0.442424603317235
-0.442424603317235
-0.442424603317235
-0.442424603317235
-0.442424603317235
-0.442424603317235
