-4.388671710074014
-4.852428832576704
-4.343228244608525
-5.155089898415464
-4.021049048484343
-3.62677295324133
-3.688288987643552
-5.286774297985166
-5.234073028674332
-3.268386558570015
-4.785766773955808
-5.021263769006437
-3.502651124232454
-2.30212749936196
-4.324974345642787
-3.74470752787207
-4.748814449047449
-5.914695943824413
-3.966318446832759
-4.523966320142246
-4.847255033500987
-7.220098168703134
-4.65746642487886
-3.066799948143983
-5.953608372720183
-2.564434764390755
-3.633449355195419
-6.435775619615095
-5.533645936969927
-4.389557293998343
-5.385268651501384
-5.087824026594748
-3.540902054168763
-3.715625447969086
-3.435402476860037
-5.628761371401797
-3.151440117311097
-5.290970097509791
-3.786835960847306
-2.918132951662303
-6.773157127427401
-6.117715751108197
-5.731255815215484
-4.135883891713772
-4.807958398372394
-5.045726915904756
-3.606421955735734
-6.152386598107275
-6.428509074468076
-4.29100669757155
-4.819746297571592
-3.762966727773964
-2.251127475153156
-2.262553959888081
-3.58370886013107
-5.309925273503283
-3.809957678468026
-4.753554972136308
-3.964708800362478
-5.488306382188077
-3.770123663341971
-4.928104060609666
-3.072107865553398
-5.22361896316923
-4.579499843998192
-4.546578305300382
-4.334819543584111
-1.919549163225777
-4.254307748203954
-4.034773076722058
-3.699453556598296
-4.995838370136935
-6.421780131074036
-3.354434372914102
-6.445499855095597
-3.835409627976094
-3.478278797823191
-4.480778813793139
-3.172977226802207
-5.170014836713698
-4.537818379341807
-3.79075651295732
-2.679952321598088
-6.874546956085693
-4.325155949019411
-4.163168098506836
-4.326210620103738
-4.666126103333438
-4.842266132754899
-4.628292460820838
-4.172335647202093
-3.568642355568215
-4.315299017977365
-5.780301421460551
-3.25829401550833
-5.431405743173943
-3.492124033579073
-3.302883815756374
-4.827835632832129
-4.614767199089615
-3.921182608100445
-5.394838224225092
-2.488081100841457
-4.2457143288765
-4.450827731717298
-2.500198143231761
-2.376775273857231
-6.978826298242399
-4.011960370386297
-5.171746790695018
-5.504628219711206
-5.352335545414869
-5.084738853036596
-5.086730428359294
-4.382420533569272
-3.572342150278953
-4.870982540699082
-5.279603345337239
-3.174551061894094
-2.81134708812883
-5.899440807201715
-2.821005483635777
-5.155495134265485
-4.728617066517899
-2.572086514095332
-5.045749775295545
-6.289393268155904
-5.217400444735593
-4.596250435764011
-4.833571871126077
-4.015979801399001
-5.267700211830115
-5.500346653664856
-2.867885867161479
-4.462805369106283
-3.750687627676962
-5.513649907957817
-6.631403774431595
-5.782350245691259
-4.714396041210524
-4.831359897165864
-5.004795617625095
-3.355104383203445
-3.001396794125304
-5.937838353126698
-3.925088431475987
-4.419829688838903
-4.184649691746773
-3.850073590005466
-4.734484554767441
-5.100311454934523
-4.52537911768495
-4.854287765822409
-3.138062319358451
-3.893085173254514
-4.93542376173272
-3.896630471906882
-2.349180840991157
-5.335365831313495
-5.038898943072143
-4.57960452909145
-6.142883278350124
-3.723591700378848
-2.7194768175218
-4.192318311492581
-3.220768602573199
-4.385034599845286
-5.59689140744665
-6.111370869165868
-2.280027671318549
-3.660770288809566
-5.352804893141657
-3.132085773359278
-3.605170725527304
-6.576724283845683
-6.938877921131443
-4.616462130240221
-5.137621877474578
-3.440923515569387
-6.921267883433997
-5.625873036538857
-4.117173197220997
-3.637219704294653
-3.02666791472523
-6.510555803997754
-5.867641719320009
-3.446267614606692
-4.562329198173302
-4.12001873666954
-4.752470982052783
-3.604693914625134
-4.435233044561048
-4.318710846067589
-2.781160003035296
-2.681728465260177
-5.558106771342706
-3.762100981762636
-4.176367080575027
-3.606793295831808
-5.243727778344637
-4.021750351945628
-4.45903688761008
-2.941205507269523
-6.821292927303147
-4.098167939114195
-6.176758629463133
-4.733263156446264
-3.448304664066558
-5.066459704194825
-4.148254692611419
-5.245290323779633
-5.428439993335599
-6.418582661634293
-3.824848237817205
-4.640717655101096
-3.690827682274652
-4.346891169972856
-5.662484811080022
-5.653523135692632
-4.183837239284755
-2.787263250015144
-4.080673116434869
-3.849790509707134
-5.246181629565878
-4.135230384162895
-3.698525288557916
-3.7683138674784
-6.482130083857375
-3.994084612861604
-4.687011275350267
-3.603458830777961
-3.322899068267549
-5.970415057283141
-3.766384715107351
-2.363656452941144
-2.595754215117162
-4.366866400767055
-4.293214915089168
-4.615221023470464
-5.655706814662699
-5.088003311463074
-2.589533119575778
-4.199370060462492
-4.372978704255466
-2.266697394575858
-4.370129297473567
-5.512542707712443
-5.522650549686307
-4.041073824368948
-5.544617783331539
-3.618898445418851
-6.924050564048081
-2.998706626066419
-3.527364420874749
-5.809632026663726
-3.804335451023285
-7.260040380225711
-7.059364306563675
-4.283928794070451
-4.294028180761866
-5.082907031649838
-6.620347125488109
-4.106694014529887
-5.118024761201839
-4.479884618367593
-3.74606828559107
-4.12500562310256
-2.923702604743092
-4.037666239804958
-5.485085804199221
-2.908006910180839
-4.475399843707391
-5.247444776070947
-3.304134834993996
-4.799540032537029
-6.060335357830628
-3.669706103390161
-4.229522963890516
-3.79432537448506
-2.515018092884578
-3.857864752586575
-4.327142860044962
-5.103791969053082
-3.222649373671069
-4.879233050184538
-3.953626542100128
-3.662021370246248
-2.80590758304393
-4.880129993540939
-3.660246466614703
-3.204650066637901
-5.159797776185257
-1.546429588021641
-4.57885175251913
-5.672191227156422
-3.887087991619589
-5.316603491771684
-4.697644094128949
-3.926600087710243
-4.595447783687491
-4.097707246705816
-4.369903976407014
-4.911945678579947
-4.711276582340227
-3.488676938986386
-3.505304027371789
-3.926128443241522
-5.270991946891669
-5.246808289241903
-4.27882993322315
-4.708591359958518
-3.327878793959735
-6.203799985429315
-2.400342770339991
-2.499826179743427
-5.837792860798277
-4.211915686500968
-4.662123702732062
-5.138925367890182
-4.122820640575028
-3.684518156937448
-5.008558875015174
-4.244294191870766
-6.705805421226672
-4.352545095166699
-4.899966303487173
-2.963539671693297
-4.757468670382253
-6.715864507144418
-5.049947554068948
-4.408275053743022
-3.304832814222645
-2.412719569008537
-4.977918388715243
-5.466188732404018
-5.060683198071966
-6.814830077928392
-3.333429053997245
-3.088596646037653
-5.06410532561247
-3.024715352923796
-4.720607675136172
-3.182924563522464
-4.241228173410573
-5.447567475369183
-4.28246848394228
-3.982274298593547
-5.612946303093178
-3.396056936040017
-2.458580973088287
-4.15351711513605
-3.162916622361872
-5.748181923022546
-5.666611953840607
-3.291934147871873
-2.806509960209325
-4.800999246031975
-5.050663692738885
-5.410393382058198
-3.455197831253067
-5.707670879982728
-4.864482774942372
-4.053575688257494
-4.716964191116493
-4.371470578734355
-4.532743829310338
-4.052523631999405
-5.326998412582654
-4.914210310811849
-5.531471671829638
-2.972928480730272
-5.017554422262521
-2.968258754054475
-5.833891729063176
-5.228853694672949
-5.163251311660293
-4.748683789434992
-6.295287087886154
-3.607856557118347
-4.884245356944914
-2.968805329600476
-4.199701876417391
-4.197753186258256
-6.405363902299896
-6.182168961505004
-4.570186868817865
-3.512621810246541
-4.274991727851383
-5.481676114882948
-4.745161339642483
-4.589213175629146
-6.364296205497203
-5.120801802676325
-6.80839573378962
-3.942583435357535
-6.355835036890506
-5.392430256665808
-4.975292023300812
-4.923540580965712
-4.987453784901485
-5.224084301082795
-6.175246091244881
-2.862465930392573
-3.581429527549399
-4.318525805976396
-4.080988079453465
-4.37954991572994
-5.666307872256729
-5.169199277442877
-4.442540242914853
-3.727514982154785
-4.421903558199986
-2.978326520385623
-4.007513718090948
-2.741237229777032
-4.63561146605597
-6.163938490050247
-4.369383855735935
-3.302233541128683
-5.277234589598792
-3.335331681873273
-2.938624614448318
-4.475098116177853
-5.463048662672937
-4.616737927938607
-5.493854248177644
-3.893174915614845
-5.031181075882959
-6.164998427359039
-4.271436331342301
-4.639298274816989
-5.206350388626488
-6.036108599657933
-2.879865260452484
-2.919252172565222
-5.147269091321316
-1.535512461110448
-3.802157660090894
-2.568207626514121
-6.321046625283981
-5.077186147338464
-3.791279885465797
-3.231557137028083
-5.591863177428274
-4.831758419433667
-6.737520841976139
-5.264661120589975
-3.827973932283888
-6.07013467811474
-6.293489924436523
-4.649453497701782
-4.033644595329611
-4.336019202518237
-5.140627325908172
-3.790361768638385
-5.938774320079581
-3.969426524659641
-3.990969785737208
-3.947157971006373
-3.102095438673199
-3.493151384044381
-3.318962746669942
-4.556347169125708
-4.619973095068254
-6.277391815173692
-5.97498013091508
-4.275285460439098
-4.42400780375223
-4.43308274538315
-4.585960037404353
-6.315361582344345
-3.493726940447124
-5.447783294332596
-6.805157338789986
-3.117126166699481
-3.806853362060646
-7.241282929258134
-5.243369497488444
-5.007425491521889
-3.849437549092734
-6.812452299187421
-4.122245143113623
-3.308693826445815
-3.147704138484327
-3.341860138482405
-4.558997832181179
-5.165956164414589
-6.0912924189808
-4.965511462866847
-4.47311099317012
-2.304419915819295
-4.382543025345712
-5.390585099346045
-5.410938185652765
-4.761496826797581
-4.161313286544116
-5.413792313599543
-4.566930437912017
-5.406260097654162
-3.540173566236287
-5.18656098184915
-4.230063084356348
-5.101453186059761
-4.158352922751614
-5.579568564163901
-4.802715254712735
-3.216052007115322
-3.889138220175339
-1.900081461512046
-3.862961623450744
-5.044851714809935
-6.145036481871686
-5.31545775732911
-5.943902440312044
-4.430797177016182
-6.941194663886318
-2.651525767242261
-4.082208805188845
-3.970545207070324
-4.654221603155092
-4.997626468821943
-5.116802269320488
-3.004291618371592
-3.551049227289071
-4.891214152557205
-4.231165615143586
-3.999258011299643
-3.065183979029427
-3.959571076975346
-4.840519186489126
-4.149274741493842
-4.788810197570337
-2.918945849686825
-3.715317434570173
-4.571392530660754
-4.235712433508517
-5.028971046780017
-5.443533654128109
-3.443892144565946
-4.64044113749587
-4.668880423063564
-5.59371982866118
-4.38241755981047
-2.967106923237112
-5.972689745681655
-5.176515007127804
-4.514610680789261
-3.168701887937504
-5.121495424283636
-6.520993321404586
-3.512289625594883
-6.58254811126066
-4.10739727312488
-4.055407806440797
-3.919631190237699
-3.307743126830627
-3.876770483343622
-5.485431965995752
-3.599487490026782
-5.854384284412276
-4.37738147306529
-4.58928501121571
-4.431202522423345
-5.56000683407649
-4.912561345708317
-4.179637777020587
-4.089240645764705
-4.291642622345631
-7.57515220247718
-6.020602112481357
-4.104136676840222
-3.290736134291746
-4.702489942226316
-4.939964060871871
-3.264372957127629
-4.745946034352031
-5.313408566234704
-3.073922323964589
-3.418872181712504
-3.810803157836588
-4.026927726948434
-4.54771167245701
-3.113340938860979
-4.585712599810257
-4.769886888027179
-3.55071460789821
-5.324312059230841
-4.262606905047035
-3.401519145263997
-5.07445774802855
-4.880821096250892
-4.800031157046198
-2.917715490242199
-4.54156746719818
-5.620044033577466
-2.409597419475258
-4.970723490987597
-4.883876580132998
-4.679293395404412
-4.236020625079519
-3.921698591927875
-2.501052628710775
-2.675716647729806
-4.957494275137277
-2.557577143195149
-3.479911524317006
-5.555863723454843
-6.005570866363506
-3.842012906427945
-4.706546092201362
-4.302036360758509
-3.510382736532787
-4.560449060902626
-4.570755382379789
-3.508947989597659
-2.168295372948283
-6.028794002547047
-3.901391585059105
-5.377545182131088
-4.626188079946655
-2.987243659601996
-4.866534347623059
-5.816560924032724
-3.142943663718027
-2.762384079913365
-4.313361572993191
-3.466216009842421
-4.411271972322583
-3.141716539546137
-3.616435765118827
-5.157183821428813
-4.642268545834335
-5.868931848735079
-4.252516173957506
-3.813257672016217
-8.266636925311342
-3.883876452937212
-4.127693461661742
-3.917384815464685
-5.404053113502764
-4.606685157477424
-5.190420306353055
-3.927385110310955
-3.929196734827402
-2.752587150736639
-5.039060787703037
-4.1430469955354
-4.278624930177807
-6.096992336172399
-2.733467964705263
-3.843521358613201
-4.83818037088898
-4.111955420647589
-3.433486339368666
-4.610661496735272
-5.403232313545106
-5.098864093832696
-3.628803483328864
-4.7377107041481
-6.604055373025997
-4.523963107667289
-3.297122466358003
-3.635015032379241
-5.543775226818995
-5.600234204355289
-6.346514874005535
-3.694282701903719
-3.130990928786632
-4.458710469322989
-5.262853486934708
-4.588031760520331
-4.405507176257431
-4.494831670216131
-2.804730480639294
-4.00954866920231
-5.093238910316037
-4.286151561855608
-4.056330440487609
-5.424596359176967
-6.284612921292645
-5.059279609174947
-5.230824535364894
-2.985540487390401
-6.038526588108701
-3.781915052356172
-5.768463037401686
-3.441351817086693
-5.062447246870643
-6.490679890036758
-5.376043482775556
-3.031008899806105
-2.988955929059087
-4.035234579985852
-4.52451605427311
-5.394956083581318
-3.762064077584851
-4.457341140193663
-5.383652388631
-3.518632529852527
-3.890431301011695
-3.905970530681431
-4.778639476744412
-4.855675117617499
-7.418985619696494
-6.674850242322202
-2.697557265126699
-3.559427295719035
-3.754373600489339
-4.23831877556297
-4.130998330270434
-3.948694479391221
-4.701141609185826
-5.470636067111609
-3.585749542321585
-5.303898953207338
-4.026641367246772
-4.815482252106746
-5.079413268222476
-3.66599871969693
-4.839673068677053
-4.061146696096316
-2.474198487938452
-4.983688217709927
-4.580271014172013
-3.521158430293263
-5.505551250484176
-4.312537166574621
-5.011058114527792
-7.023463082517623
-5.207396932073794
-5.047966680511387
-5.523673950575825
-5.307846976859132
-3.285688412148157
-4.146957346034609
-6.095915961913911
-5.146106492485276
-4.252005107156582
-5.379407592541896
-3.514174474156779
-4.03424595052283
-5.439622588760836
-2.842036110164716
-3.51822985820153
-5.18598040151404
-2.95097189653815
-3.916885595817893
-4.323204015798741
-4.284700499926025
-3.969147904769917
-5.737110902233185
-4.784188838921247
-5.267024497109687
-3.136301369772677
-3.505701098068235
-3.429364362728201
-4.135056964220157
-4.416676935162909
-3.336808190202473
-3.324672073707764
-4.343812598811131
-6.166638024936642
-4.586318701179644
-5.079650134061144
-3.396033585091818
-4.069946775002001
-3.461757458007699
-7.687104615367059
-3.594153447358417
-3.109711936838613
-3.853275410007382
-4.613404651556109
-3.6065992115377
-4.390075451352682
-1.990680125691062
-3.534670881406682
-6.533525119751339
-3.09691989246909
-3.957335406528506
-5.926190960932814
-3.291407301241753
-3.584485200512189
-4.565213805437224
-4.216773955777825
-6.653819180018887
-5.478962795913384
-6.108173440458518
-5.271659890622666
-3.671646383295174
-3.914642049871297
-6.11439659692699
-4.162481715065073
-6.03467487817522
-5.117113098251645
-4.6367459240512
-6.159014311063448
-3.963867327319601
-7.16960551314721
-5.270284477208265
-4.934621396167549
-4.423706792519317
-5.151734940619968
-4.809951231918575
-7.57107233866349
-4.293649080341784
-6.164537979953488
-5.410406276038742
-4.807196531074218
-6.647495170582704
-5.76543230750629
-4.861680893280328
-3.154966716045054
-4.540299065423578
-4.418089992777485
-3.972520400204015
-5.87008469691649
-5.182913695466611
-3.211336991895384
-3.186485116899737
-5.291364318896679
-3.679882263240031
-4.326855737260676
-5.148818564947334
-4.770127947253112
-3.620636906932843
-3.007739674696244
-3.862052945350918
-5.74636280352099
-4.65126173473057
-2.604867127418063
-3.363554569014128
-5.008242452056797
-5.60600244248566
-4.973152356851242
-3.755792230833248
-2.648581211918236
-4.084929994770526
-5.741053774332279
-3.947688543599902
-3.146289091065443
-3.740575383510363
-5.144286855830444
-2.13834130105855
-5.403575874623576
-2.999005677036162
-5.975954509440309
-4.04401852243551
-3.804649303756229
-4.484582786832745
-3.195600563080392
-5.169528513931663
-5.551474609986097
-4.110025100508824
-5.904325462653997
-5.09554161504587
-4.19452875040087
-4.94782496508133
-6.153270542155953
-3.969175048270507
-3.684033864829706
-4.977415599222861
-4.233952838390318
-2.696959370498668
-5.720163253265634
-3.667525916723842
-4.336296787856533
-2.994867420509276
-5.425379747171018
-3.300422931250405
-3.410444006009751
-4.633240739328993
-4.83263769462333
-3.619889954890005
-4.192189564649951
-3.186282948340585
-6.109332763619014
-5.116588210587294
-3.605513099022822
-4.569159176221107
-4.951291553330704
-5.994598058971363
-6.370709249133323
-3.882650679161125
-3.817347909744534
-3.161779810588475
-5.188492935270038
-3.773923386419609
-4.936551832117566
-2.558753985524729
-2.665295357650295
-3.230967068325264
-4.575464060913197
-2.750996613940083
-4.900772920135611
-4.128829385589943
-3.514234346751473
-4.350562202114823
-4.157529684122771
-5.654459321806375
-4.773648026369782
-2.728331802937127
-3.720199901169806
-4.299457416276563
-2.650132717208608
-6.519785950878837
-5.050063731335032
-4.175705759176436
-5.86120787276606
-4.661648021516151
-4.70079771767591
-3.088983899800651
-5.561250672638269
-4.649492933673297
-2.720368644570164
-5.371055706405593
-5.006153370841348
-2.166963861983024
-3.408337806599976
-4.082469798119423
-7.137050738894152
-5.667643650365079
-4.083631687417434
-4.600904586887333
-4.852722101400359
-5.073404752033674
-3.769454598574841
-5.261110949270422
-3.149577469697098
-6.353090086197678
-7.222300213580912
-3.411191647626933
-5.089646013923727
-5.380134108366796
-5.693550573304909
-3.838107778799185
-3.388419455549786
-5.151266612334506
-3.545816213698227
-4.392951330062552
-5.61073344254797
-4.985155465378237
-4.407121981284516
-5.042999646758441
-6.628891545389594
-4.932952829431104
-4.56865320308037
-4.072564463126477
-6.922452454937342
-4.97544417760668
-4.993539770020941
-3.599664753039567
-2.79557110597803
-4.269263669496124
-4.062438183903333
-4.365575292193162
-3.103546373566323
-4.480618562766954
-4.242400378932822
-4.841691775511201
-3.352111273143818
-7.021908027708497
-4.751276607080895
-5.263016670880474
-7.083941754737058
-4.481919442876046
-4.78909629379563
-4.201137923088494
-6.104111998245295
-4.074635001957208
-6.11018827160268
-3.841107218975269
-7.820866788297008
-4.409474169012538
-3.866460297578252
-6.104603052495187
-4.833195096923843
-5.180179726674101
-8.47660439478112
-4.600975259580252
-4.64312706630003
-4.448402241692638
-7.493870073937267
-4.739973631373132
-6.461615282811931
-5.987281270087633
-3.836190420091448
-4.462973736128511
-5.364559193364174
-4.29512815870175
-5.312451937985107
-3.5986441993759
-4.005647707755536
-5.611851033920186
-4.124042371402551
-3.818523391097536
-6.40634733381017
-3.920979978399782
-5.115154438271964
-2.498830920432253
-4.146781125449769
-5.306530939275659
-3.835565279807948
-6.470888899838675
-4.881087128667352
-4.045243603031881
-3.497414790011133
-4.969021036331597
-4.597478366638705
-5.772406483866011
-4.406653905413348
-3.833501354707753
-4.344788813559831
-4.525209498323364
-4.645017557453971
-3.698357302450422
-5.262147811827452
-5.390867648517554
-1.841237144645498
-3.821073003591818
-4.107543320077162
-3.674952371618449
-3.876483715524761
-4.714129991579537
-5.459454248783487
-4.954244039509774
-6.318032852877943
-3.611646928397458
-2.588798191650115
-4.353191693325901
-6.002524660562838
-5.91878825419304
-2.977150161716878
-4.816181612322751
-4.381835635755031
-4.086126668472352
-4.811885620957653
-5.048495573763331
-5.100844507681589
-3.093148150972826
-6.052048923096472
-3.7672151919637
-4.589720281418215
-2.986372162494916
-5.030347776742418
-5.3904705644601
-5.735894169063621
-4.755426140472744
-3.319972366067221
-5.830492262416545
-4.562127387047727
-3.142397581426684
-1.479011942255672
-3.971582093362615
-5.50501134144433
-2.430649429890718
-4.888617523184938
-5.800999661043069
-4.143187293782303
-4.78016209271213
-3.788358261542866
-3.185258733845852
-5.03731208277445
-7.959240909438355
-4.956097790592267
-7.240323994562021
-3.820738209997001
-2.82724316999325
-5.291729684895964
-3.135217868865912
-4.462300059498618
-6.760432282376569
-2.58955632137979
-6.562204224776496
-3.836043723308276
-3.255394581363389
-5.76069915656089
-2.186156710405829
-4.578615633081917
-3.852246385569842
-4.974797574733349
-4.718688814633406
-5.34878476871075
-3.519663683284087
-4.993908665743448
-2.496590370763999
-3.161009827075562
-2.704608905652306
-5.366600218768877
-6.070724030987176
-3.252174554892691
-4.033251102186029
-6.349347079625819
-3.158498340846068
-3.761959648746483
-3.403366489521129
-4.360259138131164
-5.882498192083156
-6.975488993877453
-4.85190898560198
-4.41989539502532
-2.917991353142082
-4.81371985636733
-3.92809435591166
-2.194653593495835
-5.69013786431504
-2.253286139843987
-4.085473849545059
-4.326527035052572
-5.587759417070196
-5.79526703063561
-4.68935003511253
-5.629768854625999
-5.42941219630965
-4.824014414933742
-3.064019421034375
-4.421627849280978
-5.205011002032665
-2.821414752972945
-6.227706697940571
-4.718417939210299
-5.840396002601899
-6.620489956408502
-3.494706681777912
-3.734297147165105
-4.000768553035159
-7.353565134186415
-3.171070584540632
-6.759715405172195
-5.044797486004832
-1.956996562288561
-2.431617136680653
-5.017441389738392
-2.91369403428814
-3.817685161416242
-4.551876152547511
-6.638012145283055
-4.554037764144859
-2.829042854112218
-4.342688604907477
-4.847337992921708
-4.022471435430251
-5.514984945402088
-5.178656732335121
-4.465656110118649
-6.634216682033618
-7.484272409236932
-4.949704995662908
-5.225624694269933
-5.40012894485103
-4.999119519747702
-4.795950557942946
-5.646435330548573
-5.134588030744694
-3.816659136324558
-5.840636154332215
-6.820931373640977
-4.071621442035299
-3.717331153664484
-5.008246261734696
-4.999442784001894
-4.769203668252163
-3.662953437978143
-4.622523904127392
-6.010233939971722
-4.428393407104569
-4.534644837040282
-4.165200393253351
-2.945711329228602
-5.816041715845174
-5.351162647750754
-3.288344170275566
-3.536748913670428
-4.485287659088966
-4.953217818024995
-4.198152189394384
-4.959950745907991
-3.864905165268642
-2.944477205883777
-3.573729406986655
-3.267090394542692
-4.641313832844597
-4.64965151299177
-2.612696317296862
-7.620171112837889
-5.85276109432074
-3.249761986336273
-3.776453847798455
-5.868778724881542
-4.657550618548342
-2.69420677430678
-5.298195839172213
-3.897348455001596
-4.743681836058383
-5.438235671755907
-3.277487592988176
-2.896233541347213
-3.754976467456728
-4.042860021522936
-3.960136169183043
-3.423646377548247
-6.244441226033548
-5.234235290628617
-6.184562040555663
-3.447260566436328
-3.324734221086898
-4.159412697340959
-4.018287300824976
-5.618405271919088
-5.255162964612464
-4.428139785967222
-4.539548665703142
-6.522868896475802
-4.319894293722807
-1.959590680182532
-4.450904507251529
-4.541220092293917
-5.146441236901444
-5.703899847342781
-4.637330508529829
-3.507547111930113
-4.805947320045634
-5.410290415229315
-5.220655389416623
-4.749351310501635
-3.018749543478106
-1.546532127337176
-2.875473469395995
-6.085369294333309
-2.991664776081022
-3.353484622536836
-4.51589056673864
-3.147239062905426
-4.243456798849831
-3.514900603767611
-4.008535525570114
-5.536393323696588
-4.541719080080458
-5.451296776014611
-5.065835070160043
-4.894324553633474
-4.504104993004774
-3.735708559447296
-5.423954872316245
-3.37157884034439
-3.918874385054074
-4.536191175080101
-5.155319654513332
-3.477734076966666
-6.036312554847092
-3.004463904964127
-3.472816462901298
-4.882829101793575
-0.8054592875804618
-4.829844272083019
-5.571382236874862
-7.933855421204941
-6.70943757262031
-7.233616612829532
-4.60760811552765
-7.675422457340956
-5.861364644293209
-5.943251309429631
-4.317013576896868
-4.131196106128483
-4.064167206423484
-6.09006138539229
-6.023476838520345
-5.463047394899088
-5.204398099185641
-7.386193122608522
-5.957804242192925
-6.394599240332956
-4.908358201894407
-3.706436808759579
-4.032654307143507
-3.800344098615448
-4.109145607700302
-3.787242767494727
-2.284516975222922
-5.479585861507688
-5.550567320169912
-5.377473695533916
-4.363655525751073
-5.783736875025201
-3.932926575044282
-4.652853932311166
-5.283250993912479
-4.51053415373662
-6.083965961761987
-4.129144914915035
-4.913370797444251
-2.96461307996835
-4.226109886185059
-4.424779800054162
-3.170853586763313
-4.465433932994509
-3.733347651823896
-3.366554806518232
-3.67454313373903
-4.80764327778132
-3.617227974596024
-4.94736659253806
-3.931701527475136
-5.493813854013926
-6.772501620305602
-2.75813095010646
-2.688431085362931
-7.470204000554047
-5.177004153168006
-3.779269109780572
-5.634112123585296
-3.171788323416479
-4.530405982312152
-4.97075154924062
-4.619831703190407
-4.785535487649095
-4.834463043872587
-5.460410897230989
-3.89826975354124
-3.372762200464141
-3.725173534705785
-3.029182295064594
-4.050711991528392
-5.282606294706883
-4.168761558938346
-4.261097956130829
-3.536731518604944
-3.492796546863445
-5.640901880578853
-3.333720531800394
-3.401629328795539
-6.378536021568594
-3.524468127753773
-4.305262499824388
-4.383166150143282
-3.656557618028918
-4.369342572164261
-5.082396729652733
-7.159907889821273
-4.582750634283681
-4.562757625105238
-7.098341217102367
-2.972718145409881
-3.306279818741136
-5.449206996152001
-3.824710959338953
-3.924641574622877
-3.862049629045624
-3.70955899601379
-4.338496640787451
-3.782734864600035
-5.483791388975775
-5.12732332113791
-2.440003854696014
-5.239575303346072
-6.204683889842693
-4.433327361091457
-2.72933414597316
-5.271443581553317
-2.839856076990828
-6.554454154419071
-5.528116599588659
-4.026583603470039
-5.875125968864838
-4.23993810632376
-3.703908761457008
-4.391540006328301
-2.587255464281792
-5.180042989404892
-2.091939265335089
-3.601504939350361
-3.792710729959718
-4.504855690691464
-6.214256579339106
-5.860860338510291
-4.705888975370359
-4.700970158685398
-6.789575633142165
-5.066006947554471
-6.673052806825918
-3.994568492938641
-2.422375617306442
-5.768903565044718
-4.954479000660065
-4.746248490955655
-5.987630491473054
-5.296536395906268
-5.252122512899
-4.752636295891233
-4.522512968749682
-3.514754498827183
-4.670257543975219
-4.356763362972965
-2.020364798919502
-3.421649446591814
-3.745886999324648
-4.629251785437926
-3.216402419129527
-4.18079096344106
-5.6543934352886
-5.316465217590775
-2.663844162481474
-3.529943426454205
-3.983831076914037
-2.709274561574557
-3.900028410782332
-6.223998318926558
-4.120726169463959
-5.45199874517606
-5.642122136428346
-4.030028167255978
-4.345098724280892
-4.038941477472646
-4.906463407068507
-3.852312321747651
-3.813238167520324
-4.394853153411828
-2.922785679190662
-2.94664855949727
-5.22465776896112
-2.352523416566635
-4.388770910967855
-2.98268783693295
-5.080471980612117
-4.61414600576966
-2.084928962215723
-6.031063167167616
-6.128576029480049
-4.802401132574254
-6.029512903206997
-3.973429884635706
-4.671759412328439
-5.346042867174227
-5.519466221837434
-5.063563140921991
-3.714851281449149
-4.042510644194387
-5.909496702831789
-4.949294389444711
-4.436728741109
-5.290799509039944
-4.522537653749251
-3.132313626336793
-3.939777673296042
-1.553369230225827
-6.656015834664603
-3.326261351556604
-5.038934563595064
-5.284187724605185
-5.690964132535524
-4.899225168397502
-6.029346839816117
-4.367085264132122
-6.879979460955836
-3.38059372486372
-5.295836878320253
-4.99904081446588
-5.551553577849589
-4.01748896175472
-4.703015503417493
-4.438470849157616
-5.696950701682511
-3.50166726964025
-3.208775507930838
-6.460523905206302
-4.45684122583339
-3.719131687180059
-5.210632207830154
-5.047238724859585
-5.556677492744097
-3.69427598820428
-5.528872946486505
-4.59581698701903
-3.311298407029687
-4.730156064820918
-3.296015980868099
-3.947362373336401
-2.92638997422771
-3.271504476038681
-4.615763821429081
-4.895878600985476
-3.14612775824951
-3.041692142767144
-4.820750798078686
-3.671700681925769
-5.660315094783453
-2.29945104033159
-4.431706304854314
-3.742689187803967
-4.594518564542552
-3.920633682049775
-5.416411578349332
-4.061884954582619
-3.883972611770665
-3.444311587836007
-6.620415413360382
-5.581178023719822
-5.190534261763379
-4.095792819886618
-6.677701736950053
-6.460608866744898
-5.768612351481789
-3.519635632533275
-4.282798078777222
-3.660823702900565
-7.089979235720107
-5.150322410348902
-4.954233994712139
-3.4014657507433
-7.132836852264758
-5.766998264653731
-2.799558372057954
-5.237475419085346
-3.972536000634071
-5.00967103000979
-5.63130647224351
-2.406316717047801
-3.368827656675955
-6.99050812109125
-5.960537982937159
-5.067430684574551
-7.397570468137281
-4.686080241370633
-8.472598187200738
-5.819235076065945
-4.908076811549187
-4.655566286923995
-4.064758488645668
-7.34196649540999
-4.645333669005074
-4.741211925754804
-3.804384653353617
-5.719289789366414
-5.692529187337771
-3.755143956173431
-6.82202285489501
-3.942340724078739
-2.45380665368735
-3.424858388125962
-5.000672863090942
-2.614306967556819
-3.686710281692673
-6.440766090412044
-4.860446461322244
-3.670205756178059
-3.224872527068132
-3.935193412665795
-7.048305307651391
-4.768032682153555
-3.931844394726205
-3.863003861937599
-4.100099863202963
-4.458752302631964
-6.699819773334768
-3.416945288507712
-4.291627527748067
-4.772663777033915
-4.978131298926133
-2.509304283307441
-4.432990857744286
-3.833869012929383
-2.908681099167473
-4.571836073555279
-4.481159092092751
-4.651020951617214
-4.574369516670248
-2.268696921647441
-5.918710138564037
-4.501456919895158
-3.318527481974518
-3.054535110765223
-6.529957914659853
-4.840695625109759
-3.206678769905152
-4.233583151177394
-3.276800710590845
-4.474813703046975
-5.14922891221023
-5.011404489956995
-3.777122019056005
-3.590987034213073
-5.014193323394111
-4.964293830896636
-3.911076913515167
-5.609437070786411
-2.802942642464577
-5.467061996089206
-3.903645253602145
-3.677496739868169
-3.107499894808076
-3.306391645011599
-4.754083148352945
-5.639084884676188
-5.138633474456057
-4.58459471844307
-5.62971112618167
-4.797420684967701
-4.566146769022154
-3.288622967448448
-4.319709664041043
-4.528814652445878
-3.610265604620869
-4.040936062667802
-5.241857165448278
-2.276673937607384
-5.606325001654914
-4.422192197196089
-4.702875605847985
-4.685509222274382
-3.20925369275687
-4.576607251895956
-6.461869304160969
-3.348013575796459
-5.673006805488707
-5.776241572654422
-3.452176922431372
-4.069792965779771
-3.835748340607354
-4.95036729647162
-3.165398049518626
-5.100189075942128
-3.648601414168455
-5.16397473586323
-2.886183370674738
-4.736972304484413
-5.731739039861768
-4.655875863381849
-2.559084182710003
-3.95264716387318
-5.246477317294691
-4.114515147082746
-5.323101807430445
-5.678150471784925
-2.752571215084115
-3.0760955561367
-6.354090936112214
-4.686254249742452
-2.770182895014119
-4.450114845113708
-6.816874759015875
-5.922851238572909
-3.019756963619232
-2.525336846971308
-5.156198884714321
-4.101084878902534
-4.927845983197087
-2.998794609310612
-2.628780125660195
-8.612641646272181
-5.905482460404581
-2.800304660911474
-3.873519398200546
-5.878074760046549
-7.243236383623647
-3.822484926966232
-5.000923333732187
-4.163625522748805
-4.887365932649929
-4.351825209424256
-3.937704203534294
-2.907925958577158
-4.587678405569175
-4.912543410031554
-6.313740368762171
-5.972041519345195
-3.78217412006109
-4.061691208727807
-7.608852088124699
-3.575433152836703
-3.455505602589876
-4.242061778153078
-3.882543368704428
-4.97263222929509
-6.187574210483756
-5.663096602259704
-4.493896655125773
-3.453345391222531
-5.321940458485553
-5.469407734046628
-3.625150139330148
-4.583277447123045
-3.551608469382556
-3.05886492331062
-5.961814581328397
-4.799824213386033
-4.319957600073909
-5.261136360113804
-5.215086680550316
-5.581212066732397
-3.290323946810386
-4.820301219158036
-5.648124766064183
-2.85362854766442
-3.828706452143071
-3.616472794852633
-5.246900697500271
-5.464265156659051
-5.4770144353596
-4.711848986285416
-4.032819004976517
-5.198115820931173
-6.157468274441967
-6.903124422491374
-4.773062329779732
-4.550811836726832
-2.715543397494921
-4.045937491181162
-3.742265482722148
-3.527586577701047
-5.812673541726858
-4.301976527844714
-5.311534090423552
-3.428948393613509
-2.228054187023526
-4.338590098995001
-6.106704338374434
-3.470719050998666
-3.895734133170286
-3.749253798891644
-3.614583618041049
-6.418599267209504
-5.064908950832958
-3.787253489100422
-3.923013449343297
-6.136463755896342
-5.294102173928629
-5.469028982317263
-3.246566011114262
-5.368625818333183
-2.013219589127415
-2.419997357798105
-4.530596771345005
-3.631969593322901
-4.842796061751483
-4.19597066198767
-3.655623021262471
-3.962035480726969
-2.578303640714041
-3.689864466764644
-5.744993901795275
-4.378855483748346
-3.250967826230863
-5.122097335596035
-3.073664065654451
-4.854733626267845
-5.294424666332824
-3.99417735125739
-3.220931052087234
-4.612994759251937
-3.747743319139978
-5.089693767711984
-4.491528623941194
-3.474193827069758
-6.614304233223791
-5.772250458321938
-5.388837538277764
-4.515241724304748
-5.3742654838915
-2.307215561767637
-5.44877283797106
-5.727813721630554
-3.390796750329522
-3.954165255233853
-6.060166587576856
-5.557848573186821
-3.647089904759954
-3.804196570161317
-5.527251715877405
-5.274203648879057
-6.603420923805738
-5.004635375152948
-3.428354548153374
-4.996363864528522
-2.592100719378658
-4.731947423895043
-4.034435449123509
-5.249246071728091
-4.506433068410761
-5.09624072357055
-3.449876962236672
-2.810428859673876
-3.809040620966743
-4.305550764435017
-6.293283448507497
-4.857160918233187
-4.413214778475441
-3.812796024324035
-6.273115026572275
-3.717222248251063
-4.667695169824386
-5.287527255212101
-4.68592310417248
-5.589363372762515
-6.083320224418986
-3.854665653373114
-5.083642545677139
-3.323102109454966
-5.856452183177946
-2.770963522029632
-4.739968454863019
-6.162179817258083
-4.46968416845761
-6.351523178208273
-4.663840528900415
-2.905785386285022
-2.511925798061251
-4.0026195045817
-4.77039440013323
-5.256393756152766
-4.787563846656119
-5.498034390889114
-7.301821296051259
-4.03411127896307
-5.08853464009184
-4.471693368234854
-4.784881942578209
-7.707638849635345
-6.206096957718954
-4.977657906911623
-2.481429936376044
-5.444691948461455
-5.075122759670402
-3.127796628829185
-2.428044504599145
-5.999146336193832
-6.331742486018064
-3.332813526555521
-3.884583936874376
-3.195869250826313
-3.969961059467652
-3.772390173704328
-5.605738456160501
-4.593115492667046
-3.214684262989485
-4.758944524913182
-4.352707712094604
-4.573618218561249
-4.701093757250278
-4.784604810978267
-3.090659380617101
-5.925030868720621
-4.647639052318051
-4.157866366418721
-3.352428048529359
-4.926449273394653
-6.107832797423439
-4.79424458065495
-4.909140744010562
-3.97661391114279
-3.517051115790755
-2.747362286047949
-3.999125716429385
-3.454458507354733
-5.290237952102546
-6.041401895089344
-5.28644672649667
-4.516853233375539
-4.194744116932998
-3.105960872894661
-6.447715944611985
-3.595425460944051
-4.067250362563092
-5.267648162570908
-5.516167633339962
-4.783351401841619
-6.311160374466554
-3.221678221376067
-5.081767432972569
-3.682930815385523
-3.663037218089735
-3.647196865324955
-5.239938199306293
-4.152393752022053
-4.595349647189239
-4.172943980373365
-4.693193314819927
-2.980770050893161
-4.810827151858325
-5.000928887278862
-5.439880994433008
-3.731785236397704
-3.251102961958666
-4.179359857084838
-5.294041653199676
-3.414730364923273
-4.4378485731613
-5.821643073035565
-2.944193412155607
-4.828327228092053
-7.224751734318809
-4.810547943965173
-2.908391981922253
-3.799755950148567
-4.902826574688173
-3.268612147895047
-4.186664235970703
-4.216043801945704
-4.89328078592566
-2.778865854450779
-4.467666057004836
-3.011441822151371
-2.75901987576863
-3.30057896783599
-4.530712971465457
-4.937293949669571
-3.333060102055881
-2.328348335160157
-4.05576590661101
-4.384243087421462
-4.387791154442081
-4.085391446521585
-3.949303134460325
-6.257793353741376
-5.629058534242048
-6.087031870695063
-2.595695531897194
-5.135597824102438
-5.536636135199466
-5.46715361792725
-3.077219785094857
-4.740995285407323
-3.371502246889554
-3.602788871494589
-5.110484950330165
-3.345508395974762
-5.236412758991899
-4.722534427856263
-7.107298939030984
-5.408524830623417
-4.807459809587206
-4.935054999737819
-7.872188488351951
-6.021015138276772
-3.718189882273657
-5.9545066117372
-5.202290743969772
-5.155742269735279
-4.979906660251419
-4.698955638892398
-3.549021753818026
-3.700247395884967
-5.555710187999686
-5.580833133933017
-4.142292496813654
-4.11495880013671
-3.610028964434025
-2.009822895820011
-3.969247535512883
-3.690589458563097
-3.892644133174196
-3.662748735134378
-6.253926155929244
-5.166804304243285
-2.994164541240785
-6.32347647054322
-6.083638892983767
-3.345477265148213
-3.971450133876933
-4.196409983424138
-3.843648685192399
-5.075347590903945
-5.335169985207467
-2.789553936028173
-5.750346396531013
-4.222033994610506
-2.921408156821323
-3.719193778326101
-3.960133758004357
-5.798629160563116
-4.943990259875331
-2.672886156518045
-4.27545009482006
-6.238133237684509
-5.58181870433601
-3.085823076662461
-6.480505825437668
-5.302960276797902
-2.999631491590375
-2.445337870806569
-3.092787481589133
-5.077606413629839
-3.536701390732368
-3.87779288265007
-4.944592659882727
-6.629941621122967
-6.13315340749849
-4.411826218902563
-4.411915936996785
-4.54214966055731
-5.505610804383124
-2.153229110088491
-5.139038804769644
-5.813556083709686
-2.290468531061934
-4.593172877199144
-6.748905262619034
-3.125071280180315
-4.10600105608242
-5.22219576578946
-4.946541363121443
-4.783330233329256
-5.132363916958262
-3.272355875280094
-2.962087373381468
-2.909576166599594
-2.774089288408804
-4.478181736576107
-3.066614742339135
-6.13577808933108
-5.047100619437302
-5.218690780463612
-4.016572938350841
-3.446434328985112
-5.176236979689299
-6.034864072914592
-5.334974638478121
-1.811748300505119
-4.663038991640418
-3.123244569696447
-4.843318642701428
-3.802074520271576
-5.336062583329733
-3.384409172696613
-5.210278045908711
-6.874901646114671
-3.950480680597706
-4.573278612437305
-6.52333922587801
-3.886852754343424
-3.250875818627135
-4.615143112870095
-2.963110259481533
-3.001049036627151
-3.761029057145784
-5.268368508834291
-3.890234268926187
-4.68262354847708
-3.284732945668782
-3.744749255297756
-4.508065650036611
-5.296529001128904
-5.73121623366649
-5.345028235688642
-5.885663127891895
-2.300169207875836
-3.474952707554917
-5.419071912691654
-5.805989066891497
-3.965457340670702
-3.072453045260565
-3.82851693177425
-7.201536239636283
-4.53498497555419
-4.538608811925847
-6.035491232859653
-6.809287767400595
-5.660899858175995
-3.078104289448548
-5.376768126008679
-2.695403191111577
-3.416428393440059
-3.515623303862766
-4.134604968037024
-3.961125178453037
-6.00838179546004
-4.402385485232575
-4.230065285946355
-4.32747050115985
-2.577639689446705
-4.683409976375594
-4.871891969512006
-4.49884932653898
-2.958412716256424
-4.754005776535016
-4.935627979850993
-6.098100141664734
-4.577602193901187
-5.030406873616573
-3.4378652400905
-5.064817509229757
-4.710380896602556
-4.66872021613155
-3.800128122402503
-3.589149948792353
-3.73940477911655
-5.954363907756683
-6.183866483517527
-4.922978566440795
-7.85396526083098
-4.591181688527946
-5.025040968705032
-5.956086154947283
-4.53525603789241
-4.188757331724778
-5.649456398090402
-7.619003068682398
-4.2922359644328
-5.859813329207142
-5.669819203447039
-6.317269207668226
-6.782164032233983
-3.133445449842983
-4.801662318594077
-4.460374723881399
-6.156747449036975
-6.097035549209636
-3.208573972424046
-6.132566583548314
-5.28625010143962
-6.354240637401104
-3.505100163495655
-6.357202552914809
-3.671176843014892
-3.51200005417083
-4.953827693583319
-3.811449686285702
-3.453604110877707
-3.470512807971839
-4.188566686627147
-6.851606707130126
-5.719649566171861
-3.938207098445308
-4.2684703123627
-5.802137729258823
-4.495430751773175
-7.184013350116929
-3.811041993636434
-3.431972436591264
-6.071847294697361
-6.984023575910148
-5.512005099245131
-3.844773565907466
-3.850495889664895
-4.356114042056605
-3.047320173994248
-4.234629381844661
-3.363248443273227
-5.095897921839594
-2.361646162438822
-3.747129788301209
-4.668200660374469
-6.572578641418178
-4.184895905829482
-3.996254214286374
-4.395995224710774
-3.337052885297335
-4.329193602944625
-4.611602669576652
-3.435602825992774
-3.377187385328468
-3.851319166093713
-4.415265181287171
-4.544177497668988
-3.919831781965212
-6.692829447004318
-3.922157054129078
-4.561497638092229
-5.376088512545388
-4.786527839897873
-4.036659330399328
-4.954026315497062
-2.26813178358624
-3.656647265253774
-5.543836473748194
-3.188725781400389
-4.164342209976555
-5.12793047634089
-4.117009922138694
-4.660314019437394
-5.020982069648797
-3.383393028347721
-4.635995423373442
-4.335923264308875
-4.218308424595739
-3.135311828510792
-4.445575151376228
-6.898538362797858
-3.61959342015964
-4.467548027393564
-2.298491199077436
-4.6479359238438
-5.556087259341674
-2.400870527338435
-4.617592466500812
-5.541205840266148
-3.990964508631035
-4.233684891301956
-3.423468390300763
-3.705133789936278
-4.532266332015177
-4.832888032450256
-4.617367491330834
-5.31803829691032
-3.380486193549935
-3.131427544850784
-7.369410214372652
-3.82470020153478
-4.955980612891869
-5.387631654893186
-2.982640460178462
-4.822039452845573
-3.875020507319197
-4.194214346079811
-3.118274733555898
-4.932891322091246
-5.670303397726152
-3.068231184123292
-5.171036995245543
-4.49154214705368
-4.132987761658402
-3.35443574427328
-3.907011176001217
-2.560241689768291
-3.528746403267419
-3.369593699403248
-4.923769746635224
-5.480420972412538
-4.15699346110526
-3.568824299237723
-5.85200653202555
-1.694933255289354
-3.201487494348789
-3.41674909295055
-4.533563848676735
-5.876795030012699
-7.631857952521462
-3.78712944620779
-5.042962695715999
-5.923997046209346
-5.586896183473846
-4.730248643731543
-4.376800114066596
-5.515674746933724
-3.276053226208535
-2.500732570480166
-5.156502120537712
-4.875478844104166
-3.472099133380426
-4.390563272738872
-5.427608810283754
-4.606139708524557
-3.92186455858798
-5.124803582202398
-5.900841851893277
-4.529373365600709
-5.437119605390505
-5.272494818923717
-4.10011893701747
-6.959881355105725
-4.24840383063983
-4.66770420318946
-3.700876821651751
-4.839158110281215
-6.106120271251358
-4.468659683319062
-3.641678314802117
