0.5552245281203447
0.5552245281203447
0.5552245281203447
0.5552245281203447
0.5552245281203447
0.5552245281203447
0.5552245281203447
0.5552245281203447
0.5552245281203447
0.5552245281203447
0.5552245281203447
0.5552245281203447
0.5552245281203447
0.5552245281203447
0.5552245281203447
0.5552245281203447
0.5552245281203447
0.5552245281203447
0.5552245281203447
0.5552245281203447
0.5552245281203447
0.5552245281203447
0.5552245281203447
0.5552245281203447
0.5851805595296818
0.5851805595296818
0.5851805595296818
0.5851805595296818
0.5851805595296818
0.5851805595296818
0.5851805595296818
0.5851805595296818
0.5851805595296818
0.5851805595296818
0.5851805595296818
0.5851805595296818
0.5851805595296818
0.5851805595296818
0.5851805595296818
0.5851805595296818
0.5851805595296818
0.5851805595296818
0.5851805595296818
0.5851805595296818
0.5851805595296818
0.5851805595296818
0.5851805595296818
0.5851805595296818
0.3314152272178009
0.3314152272178009
0.3314152272178009
0.3314152272178009
0.3314152272178009
0.3314152272178009
0.3314152272178009
0.3314152272178009
0.3314152272178009
0.3314152272178009
0.3314152272178009
0.3314152272178009
0.3314152272178009
0.3314152272178009
0.3314152272178009
0.3314152272178009
0.3314152272178009
0.3314152272178009
0.3314152272178009
0.3314152272178009
0.3314152272178009
0.3314152272178009
0.3314152272178009
0.3314152272178009
0.5756732838265526
0.5756732838265526
0.5756732838265526
0.5756732838265526
0.5756732838265526
0.5756732838265526
0.5756732838265526
0.5756732838265526
0.5756732838265526
0.5756732838265526
0.5756732838265526
0.5756732838265526
0.5756732838265526
0.5756732838265526
0.5756732838265526
0.5756732838265526
0.5756732838265526
0.5756732838265526
0.5756732838265526
0.5756732838265526
0.5756732838265526
0.5756732838265526
0.5756732838265526
0.5756732838265526
0.4053793609914824
0.4053793609914824
0.4053793609914824
0.4053793609914824
0.4053793609914824
0.4053793609914824
0.4053793609914824
0.4053793609914824
0.4053793609914824
0.4053793609914824
0.4053793609914824
0.4053793609914824
0.4053793609914824
0.4053793609914824
0.4053793609914824
0.4053793609914824
0.4053793609914824
0.4053793609914824
0.4053793609914824
0.4053793609914824
0.4053793609914824
0.4053793609914824
0.4053793609914824
0.4053793609914824
0.5791514204245507
0.5791514204245507
0.5791514204245507
0.5791514204245507
0.5791514204245507
0.5791514204245507
0.5791514204245507
0.5791514204245507
0.5791514204245507
0.5791514204245507
0.5791514204245507
0.5791514204245507
0.5791514204245507
0.5791514204245507
0.5791514204245507
0.5791514204245507
0.5791514204245507
0.5791514204245507
0.5791514204245507
0.5791514204245507
0.5791514204245507
0.5791514204245507
0.5791514204245507
0.5791514204245507
0.5239080833476359
0.5239080833476359
0.5239080833476359
0.5239080833476359
0.5239080833476359
0.5239080833476359
0.5239080833476359
0.5239080833476359
0.5239080833476359
0.5239080833476359
0.5239080833476359
0.5239080833476359
0.5239080833476359
0.5239080833476359
0.5239080833476359
0.5239080833476359
0.5239080833476359
0.5239080833476359
0.5239080833476359
0.5239080833476359
0.5239080833476359
0.5239080833476359
0.5239080833476359
0.5239080833476359
0.5378631487439871
0.5378631487439871
0.5378631487439871
0.5378631487439871
0.5378631487439871
0.5378631487439871
0.5378631487439871
0.5378631487439871
0.5378631487439871
0.5378631487439871
0.5378631487439871
0.5378631487439871
0.5378631487439871
0.5378631487439871
0.5378631487439871
0.5378631487439871
0.5378631487439871
0.5378631487439871
0.5378631487439871
0.5378631487439871
0.5378631487439871
0.5378631487439871
0.5378631487439871
0.5378631487439871
0.5489286673790628
0.5489286673790628
0.5489286673790628
0.5489286673790628
0.5489286673790628
0.5489286673790628
0.5489286673790628
0.5489286673790628
0.5489286673790628
0.5489286673790628
0.5489286673790628
0.5489286673790628
0.5489286673790628
0.5489286673790628
0.5489286673790628
0.5489286673790628
0.5489286673790628
0.5489286673790628
0.5489286673790628
0.5489286673790628
0.5489286673790628
0.5489286673790628
0.5489286673790628
0.5489286673790628
0.4693967825028214
0.4693967825028214
0.4693967825028214
0.4693967825028214
0.4693967825028214
0.4693967825028214
0.4693967825028214
0.4693967825028214
0.4693967825028214
0.4693967825028214
0.4693967825028214
0.4693967825028214
0.4693967825028214
0.4693967825028214
0.4693967825028214
0.4693967825028214
0.4693967825028214
0.4693967825028214
0.4693967825028214
0.4693967825028214
0.4693967825028214
0.4693967825028214
0.4693967825028214
0.4693967825028214
0.5540466092165568
0.5540466092165568
0.5540466092165568
0.5540466092165568
0.5540466092165568
0.5540466092165568
0.5540466092165568
0.5540466092165568
0.5540466092165568
0.5540466092165568
0.5540466092165568
0.5540466092165568
0.5540466092165568
0.5540466092165568
0.5540466092165568
0.5540466092165568
0.5540466092165568
0.5540466092165568
0.5540466092165568
0.5540466092165568
0.5540466092165568
0.5540466092165568
0.5540466092165568
0.5540466092165568
0.4182768344657006
0.4182768344657006
0.4182768344657006
0.4182768344657006
0.4182768344657006
0.4182768344657006
0.4182768344657006
0.4182768344657006
0.4182768344657006
0.4182768344657006
0.4182768344657006
0.4182768344657006
0.4182768344657006
0.4182768344657006
0.4182768344657006
0.4182768344657006
0.4182768344657006
0.4182768344657006
0.4182768344657006
0.4182768344657006
0.4182768344657006
0.4182768344657006
0.4182768344657006
0.4182768344657006
0.4342466975434798
0.4342466975434798
0.4342466975434798
0.4342466975434798
0.4342466975434798
0.4342466975434798
0.4342466975434798
0.4342466975434798
0.4342466975434798
0.4342466975434798
0.4342466975434798
0.4342466975434798
0.4342466975434798
0.4342466975434798
0.4342466975434798
0.4342466975434798
0.4342466975434798
0.4342466975434798
0.4342466975434798
0.4342466975434798
0.4342466975434798
0.4342466975434798
0.4342466975434798
0.4342466975434798
0.4845153576845433
0.4845153576845433
0.4845153576845433
0.4845153576845433
0.4845153576845433
0.4845153576845433
0.4845153576845433
0.4845153576845433
0.4845153576845433
0.4845153576845433
0.4845153576845433
0.4845153576845433
0.4845153576845433
0.4845153576845433
0.4845153576845433
0.4845153576845433
0.4845153576845433
0.4845153576845433
0.4845153576845433
0.4845153576845433
0.4845153576845433
0.4845153576845433
0.4845153576845433
0.4845153576845433
0.4256066331713333
0.4256066331713333
0.4256066331713333
0.4256066331713333
0.4256066331713333
0.4256066331713333
0.4256066331713333
0.4256066331713333
0.4256066331713333
0.4256066331713333
0.4256066331713333
0.4256066331713333
0.4256066331713333
0.4256066331713333
0.4256066331713333
0.4256066331713333
0.4256066331713333
0.4256066331713333
0.4256066331713333
0.4256066331713333
0.4256066331713333
0.4256066331713333
0.4256066331713333
0.4256066331713333
0.6543332071394845
0.6543332071394845
0.6543332071394845
0.6543332071394845
0.6543332071394845
0.6543332071394845
0.6543332071394845
0.6543332071394845
0.6543332071394845
0.6543332071394845
0.6543332071394845
0.6543332071394845
0.6543332071394845
0.6543332071394845
0.6543332071394845
0.6543332071394845
0.6543332071394845
0.6543332071394845
0.6543332071394845
0.6543332071394845
0.6543332071394845
0.6543332071394845
0.6543332071394845
0.6543332071394845
0.7267132966472349
0.7267132966472349
0.7267132966472349
0.7267132966472349
0.7267132966472349
0.7267132966472349
0.7267132966472349
0.7267132966472349
0.7267132966472349
0.7267132966472349
0.7267132966472349
0.7267132966472349
0.7267132966472349
0.7267132966472349
0.7267132966472349
0.7267132966472349
0.7267132966472349
0.7267132966472349
0.7267132966472349
0.7267132966472349
0.7267132966472349
0.7267132966472349
0.7267132966472349
0.7267132966472349
0.5702743448776832
0.5702743448776832
0.5702743448776832
0.5702743448776832
0.5702743448776832
0.5702743448776832
0.5702743448776832
0.5702743448776832
0.5702743448776832
0.5702743448776832
0.5702743448776832
0.5702743448776832
0.5702743448776832
0.5702743448776832
0.5702743448776832
0.5702743448776832
0.5702743448776832
0.5702743448776832
0.5702743448776832
0.5702743448776832
0.5702743448776832
0.5702743448776832
0.5702743448776832
0.5702743448776832
0.3818268457255094
0.3818268457255094
0.3818268457255094
0.3818268457255094
0.3818268457255094
0.3818268457255094
0.3818268457255094
0.3818268457255094
0.3818268457255094
0.3818268457255094
0.3818268457255094
0.3818268457255094
0.3818268457255094
0.3818268457255094
0.3818268457255094
0.3818268457255094
0.3818268457255094
0.3818268457255094
0.3818268457255094
0.3818268457255094
0.3818268457255094
0.3818268457255094
0.3818268457255094
0.3818268457255094
0.6209446295957246
0.6209446295957246
0.6209446295957246
0.6209446295957246
0.6209446295957246
0.6209446295957246
0.6209446295957246
0.6209446295957246
0.6209446295957246
0.6209446295957246
0.6209446295957246
0.6209446295957246
0.6209446295957246
0.6209446295957246
0.6209446295957246
0.6209446295957246
0.6209446295957246
0.6209446295957246
0.6209446295957246
0.6209446295957246
0.6209446295957246
0.6209446295957246
0.6209446295957246
0.6209446295957246
0.595295608048767
0.595295608048767
0.595295608048767
0.595295608048767
0.595295608048767
0.595295608048767
0.595295608048767
0.595295608048767
0.595295608048767
0.595295608048767
0.595295608048767
0.595295608048767
0.595295608048767
0.595295608048767
0.595295608048767
0.595295608048767
0.595295608048767
0.595295608048767
0.595295608048767
0.595295608048767
0.595295608048767
0.595295608048767
0.595295608048767
0.595295608048767
0.4340468765699903
0.4340468765699903
0.4340468765699903
0.4340468765699903
0.4340468765699903
0.4340468765699903
0.4340468765699903
0.4340468765699903
0.4340468765699903
0.4340468765699903
0.4340468765699903
0.4340468765699903
0.4340468765699903
0.4340468765699903
0.4340468765699903
0.4340468765699903
0.4340468765699903
0.4340468765699903
0.4340468765699903
0.4340468765699903
0.4340468765699903
0.4340468765699903
0.4340468765699903
0.4340468765699903
0.6164087311251141
0.6164087311251141
0.6164087311251141
0.6164087311251141
0.6164087311251141
0.6164087311251141
0.6164087311251141
0.6164087311251141
0.6164087311251141
0.6164087311251141
0.6164087311251141
0.6164087311251141
0.6164087311251141
0.6164087311251141
0.6164087311251141
0.6164087311251141
0.6164087311251141
0.6164087311251141
0.6164087311251141
0.6164087311251141
0.6164087311251141
0.6164087311251141
0.6164087311251141
0.6164087311251141
0.6433380660841319
0.6433380660841319
0.6433380660841319
0.6433380660841319
0.6433380660841319
0.6433380660841319
0.6433380660841319
0.6433380660841319
0.6433380660841319
0.6433380660841319
0.6433380660841319
0.6433380660841319
0.6433380660841319
0.6433380660841319
0.6433380660841319
0.6433380660841319
0.6433380660841319
0.6433380660841319
0.6433380660841319
0.6433380660841319
0.6433380660841319
0.6433380660841319
0.6433380660841319
0.6433380660841319
0.5029005170438996
0.5029005170438996
0.5029005170438996
0.5029005170438996
0.5029005170438996
0.5029005170438996
0.5029005170438996
0.5029005170438996
0.5029005170438996
0.5029005170438996
0.5029005170438996
0.5029005170438996
0.5029005170438996
0.5029005170438996
0.5029005170438996
0.5029005170438996
0.5029005170438996
0.5029005170438996
0.5029005170438996
0.5029005170438996
0.5029005170438996
0.5029005170438996
0.5029005170438996
0.5029005170438996
0.327359832626577
0.327359832626577
0.327359832626577
0.327359832626577
0.327359832626577
0.327359832626577
0.327359832626577
0.327359832626577
0.327359832626577
0.327359832626577
0.327359832626577
0.327359832626577
0.327359832626577
0.327359832626577
0.327359832626577
0.327359832626577
0.327359832626577
0.327359832626577
0.327359832626577
0.327359832626577
0.327359832626577
0.327359832626577
0.327359832626577
0.327359832626577
0.5392577689632159
0.5392577689632159
0.5392577689632159
0.5392577689632159
0.5392577689632159
0.5392577689632159
0.5392577689632159
0.5392577689632159
0.5392577689632159
0.5392577689632159
0.5392577689632159
0.5392577689632159
0.5392577689632159
0.5392577689632159
0.5392577689632159
0.5392577689632159
0.5392577689632159
0.5392577689632159
0.5392577689632159
0.5392577689632159
0.5392577689632159
0.5392577689632159
0.5392577689632159
0.5392577689632159
0.6062941791087688
0.6062941791087688
0.6062941791087688
0.6062941791087688
0.6062941791087688
0.6062941791087688
0.6062941791087688
0.6062941791087688
0.6062941791087688
0.6062941791087688
0.6062941791087688
0.6062941791087688
0.6062941791087688
0.6062941791087688
0.6062941791087688
0.6062941791087688
0.6062941791087688
0.6062941791087688
0.6062941791087688
0.6062941791087688
0.6062941791087688
0.6062941791087688
0.6062941791087688
0.6062941791087688
0.5767902022407121
0.5767902022407121
0.5767902022407121
0.5767902022407121
0.5767902022407121
0.5767902022407121
0.5767902022407121
0.5767902022407121
0.5767902022407121
0.5767902022407121
0.5767902022407121
0.5767902022407121
0.5767902022407121
0.5767902022407121
0.5767902022407121
0.5767902022407121
0.5767902022407121
0.5767902022407121
0.5767902022407121
0.5767902022407121
0.5767902022407121
0.5767902022407121
0.5767902022407121
0.5767902022407121
0.6149150278352966
0.6149150278352966
0.6149150278352966
0.6149150278352966
0.6149150278352966
0.6149150278352966
0.6149150278352966
0.6149150278352966
0.6149150278352966
0.6149150278352966
0.6149150278352966
0.6149150278352966
0.6149150278352966
0.6149150278352966
0.6149150278352966
0.6149150278352966
0.6149150278352966
0.6149150278352966
0.6149150278352966
0.6149150278352966
0.6149150278352966
0.6149150278352966
0.6149150278352966
0.6149150278352966
0.5860951896777777
0.5860951896777777
0.5860951896777777
0.5860951896777777
0.5860951896777777
0.5860951896777777
0.5860951896777777
0.5860951896777777
0.5860951896777777
0.5860951896777777
0.5860951896777777
0.5860951896777777
0.5860951896777777
0.5860951896777777
0.5860951896777777
0.5860951896777777
0.5860951896777777
0.5860951896777777
0.5860951896777777
0.5860951896777777
0.5860951896777777
0.5860951896777777
0.5860951896777777
0.5860951896777777
0.5401430818647821
0.5401430818647821
0.5401430818647821
0.5401430818647821
0.5401430818647821
0.5401430818647821
0.5401430818647821
0.5401430818647821
0.5401430818647821
0.5401430818647821
0.5401430818647821
0.5401430818647821
0.5401430818647821
0.5401430818647821
0.5401430818647821
0.5401430818647821
0.5401430818647821
0.5401430818647821
0.5401430818647821
0.5401430818647821
0.5401430818647821
0.5401430818647821
0.5401430818647821
0.5401430818647821
0.456944256225702
0.456944256225702
0.456944256225702
0.456944256225702
0.456944256225702
0.456944256225702
0.456944256225702
0.456944256225702
0.456944256225702
0.456944256225702
0.456944256225702
0.456944256225702
0.456944256225702
0.456944256225702
0.456944256225702
0.456944256225702
0.456944256225702
0.456944256225702
0.456944256225702
0.456944256225702
0.456944256225702
0.456944256225702
0.456944256225702
0.456944256225702
0.7936891051498147
0.7936891051498147
0.7936891051498147
0.7936891051498147
0.7936891051498147
0.7936891051498147
0.7936891051498147
0.7936891051498147
0.7936891051498147
0.7936891051498147
0.7936891051498147
0.7936891051498147
0.7936891051498147
0.7936891051498147
0.7936891051498147
0.7936891051498147
0.7936891051498147
0.7936891051498147
0.7936891051498147
0.7936891051498147
0.7936891051498147
0.7936891051498147
0.7936891051498147
0.7936891051498147
0.4427913953454414
0.4427913953454414
0.4427913953454414
0.4427913953454414
0.4427913953454414
0.4427913953454414
0.4427913953454414
0.4427913953454414
0.4427913953454414
0.4427913953454414
0.4427913953454414
0.4427913953454414
0.4427913953454414
0.4427913953454414
0.4427913953454414
0.4427913953454414
0.4427913953454414
0.4427913953454414
0.4427913953454414
0.4427913953454414
0.4427913953454414
0.4427913953454414
0.4427913953454414
0.4427913953454414
0.5084654428314366
0.5084654428314366
0.5084654428314366
0.5084654428314366
0.5084654428314366
0.5084654428314366
0.5084654428314366
0.5084654428314366
0.5084654428314366
0.5084654428314366
0.5084654428314366
0.5084654428314366
0.5084654428314366
0.5084654428314366
0.5084654428314366
0.5084654428314366
0.5084654428314366
0.5084654428314366
0.5084654428314366
0.5084654428314366
0.5084654428314366
0.5084654428314366
0.5084654428314366
0.5084654428314366
0.5584320600683874
0.5584320600683874
0.5584320600683874
0.5584320600683874
0.5584320600683874
0.5584320600683874
0.5584320600683874
0.5584320600683874
0.5584320600683874
0.5584320600683874
0.5584320600683874
0.5584320600683874
0.5584320600683874
0.5584320600683874
0.5584320600683874
0.5584320600683874
0.5584320600683874
0.5584320600683874
0.5584320600683874
0.5584320600683874
0.5584320600683874
0.5584320600683874
0.5584320600683874
0.5584320600683874
0.3777236993374622
0.3777236993374622
0.3777236993374622
0.3777236993374622
0.3777236993374622
0.3777236993374622
0.3777236993374622
0.3777236993374622
0.3777236993374622
0.3777236993374622
0.3777236993374622
0.3777236993374622
0.3777236993374622
0.3777236993374622
0.3777236993374622
0.3777236993374622
0.3777236993374622
0.3777236993374622
0.3777236993374622
0.3777236993374622
0.3777236993374622
0.3777236993374622
0.3777236993374622
0.3777236993374622
0.5275132655167418
0.5275132655167418
0.5275132655167418
0.5275132655167418
0.5275132655167418
0.5275132655167418
0.5275132655167418
0.5275132655167418
0.5275132655167418
0.5275132655167418
0.5275132655167418
0.5275132655167418
0.5275132655167418
0.5275132655167418
0.5275132655167418
0.5275132655167418
0.5275132655167418
0.5275132655167418
0.5275132655167418
0.5275132655167418
0.5275132655167418
0.5275132655167418
0.5275132655167418
0.5275132655167418
0.6274396110510558
0.6274396110510558
0.6274396110510558
0.6274396110510558
0.6274396110510558
0.6274396110510558
0.6274396110510558
0.6274396110510558
0.6274396110510558
0.6274396110510558
0.6274396110510558
0.6274396110510558
0.6274396110510558
0.6274396110510558
0.6274396110510558
0.6274396110510558
0.6274396110510558
0.6274396110510558
0.6274396110510558
0.6274396110510558
0.6274396110510558
0.6274396110510558
0.6274396110510558
0.6274396110510558
0.8151683720178191
0.8151683720178191
0.8151683720178191
0.8151683720178191
0.8151683720178191
0.8151683720178191
0.8151683720178191
0.8151683720178191
0.8151683720178191
0.8151683720178191
0.8151683720178191
0.8151683720178191
0.8151683720178191
0.8151683720178191
0.8151683720178191
0.8151683720178191
0.8151683720178191
0.8151683720178191
0.8151683720178191
0.8151683720178191
0.8151683720178191
0.8151683720178191
0.8151683720178191
0.8151683720178191
0.6278079038311368
0.6278079038311368
0.6278079038311368
0.6278079038311368
0.6278079038311368
0.6278079038311368
0.6278079038311368
0.6278079038311368
0.6278079038311368
0.6278079038311368
0.6278079038311368
0.6278079038311368
0.6278079038311368
0.6278079038311368
0.6278079038311368
0.6278079038311368
0.6278079038311368
0.6278079038311368
0.6278079038311368
0.6278079038311368
0.6278079038311368
0.6278079038311368
0.6278079038311368
0.6278079038311368
0.4589255608705187
0.4589255608705187
0.4589255608705187
0.4589255608705187
0.4589255608705187
0.4589255608705187
0.4589255608705187
0.4589255608705187
0.4589255608705187
0.4589255608705187
0.4589255608705187
0.4589255608705187
0.4589255608705187
0.4589255608705187
0.4589255608705187
0.4589255608705187
0.4589255608705187
0.4589255608705187
0.4589255608705187
0.4589255608705187
0.4589255608705187
0.4589255608705187
0.4589255608705187
0.4589255608705187
0.3485756213567583
0.3485756213567583
0.3485756213567583
0.3485756213567583
0.3485756213567583
0.3485756213567583
0.3485756213567583
0.3485756213567583
0.3485756213567583
0.3485756213567583
0.3485756213567583
0.3485756213567583
0.3485756213567583
0.3485756213567583
0.3485756213567583
0.3485756213567583
0.3485756213567583
0.3485756213567583
0.3485756213567583
0.3485756213567583
0.3485756213567583
0.3485756213567583
0.3485756213567583
0.3485756213567583
0.4612869977570924
0.4612869977570924
0.4612869977570924
0.4612869977570924
0.4612869977570924
0.4612869977570924
0.4612869977570924
0.4612869977570924
0.4612869977570924
0.4612869977570924
0.4612869977570924
0.4612869977570924
0.4612869977570924
0.4612869977570924
0.4612869977570924
0.4612869977570924
0.4612869977570924
0.4612869977570924
0.4612869977570924
0.4612869977570924
0.4612869977570924
0.4612869977570924
0.4612869977570924
0.4612869977570924
0.364578822684944
0.364578822684944
0.364578822684944
0.364578822684944
0.364578822684944
0.364578822684944
0.364578822684944
0.364578822684944
0.364578822684944
0.364578822684944
0.364578822684944
0.364578822684944
0.364578822684944
0.364578822684944
0.364578822684944
0.364578822684944
0.364578822684944
0.364578822684944
0.364578822684944
0.364578822684944
0.364578822684944
0.364578822684944
0.364578822684944
0.364578822684944
0.5743750146303626
0.5743750146303626
0.5743750146303626
0.5743750146303626
0.5743750146303626
0.5743750146303626
0.5743750146303626
0.5743750146303626
0.5743750146303626
0.5743750146303626
0.5743750146303626
0.5743750146303626
0.5743750146303626
0.5743750146303626
0.5743750146303626
0.5743750146303626
0.5743750146303626
0.5743750146303626
0.5743750146303626
0.5743750146303626
0.5743750146303626
0.5743750146303626
0.5743750146303626
0.5743750146303626
0.5027444074416607
0.5027444074416607
0.5027444074416607
0.5027444074416607
0.5027444074416607
0.5027444074416607
0.5027444074416607
0.5027444074416607
0.5027444074416607
0.5027444074416607
0.5027444074416607
0.5027444074416607
0.5027444074416607
0.5027444074416607
0.5027444074416607
0.5027444074416607
0.5027444074416607
0.5027444074416607
0.5027444074416607
0.5027444074416607
0.5027444074416607
0.5027444074416607
0.5027444074416607
0.5027444074416607
0.6616417362178595
0.6616417362178595
0.6616417362178595
0.6616417362178595
0.6616417362178595
0.6616417362178595
0.6616417362178595
0.6616417362178595
0.6616417362178595
0.6616417362178595
0.6616417362178595
0.6616417362178595
0.6616417362178595
0.6616417362178595
0.6616417362178595
0.6616417362178595
0.6616417362178595
0.6616417362178595
0.6616417362178595
0.6616417362178595
0.6616417362178595
0.6616417362178595
0.6616417362178595
0.6616417362178595
0.3988234015101284
0.3988234015101284
0.3988234015101284
0.3988234015101284
0.3988234015101284
0.3988234015101284
0.3988234015101284
0.3988234015101284
0.3988234015101284
0.3988234015101284
0.3988234015101284
0.3988234015101284
0.3988234015101284
0.3988234015101284
0.3988234015101284
0.3988234015101284
0.3988234015101284
0.3988234015101284
0.3988234015101284
0.3988234015101284
0.3988234015101284
0.3988234015101284
0.3988234015101284
0.3988234015101284
0.6042513089482604
0.6042513089482604
0.6042513089482604
0.6042513089482604
0.6042513089482604
0.6042513089482604
0.6042513089482604
0.6042513089482604
0.6042513089482604
0.6042513089482604
0.6042513089482604
0.6042513089482604
0.6042513089482604
0.6042513089482604
0.6042513089482604
0.6042513089482604
0.6042513089482604
0.6042513089482604
0.6042513089482604
0.6042513089482604
0.6042513089482604
0.6042513089482604
0.6042513089482604
0.6042513089482604
0.3045754421765423
0.3045754421765423
0.3045754421765423
0.3045754421765423
0.3045754421765423
0.3045754421765423
0.3045754421765423
0.3045754421765423
0.3045754421765423
0.3045754421765423
0.3045754421765423
0.3045754421765423
0.3045754421765423
0.3045754421765423
0.3045754421765423
0.3045754421765423
0.3045754421765423
0.3045754421765423
0.3045754421765423
0.3045754421765423
0.3045754421765423
0.3045754421765423
0.3045754421765423
0.3045754421765423
0.366677433166771
0.366677433166771
0.366677433166771
0.366677433166771
0.366677433166771
0.366677433166771
0.366677433166771
0.366677433166771
0.366677433166771
0.366677433166771
0.366677433166771
0.366677433166771
0.366677433166771
0.366677433166771
0.366677433166771
0.366677433166771
0.366677433166771
0.366677433166771
0.366677433166771
0.366677433166771
0.366677433166771
0.366677433166771
0.366677433166771
0.366677433166771
0.5560260550198919
0.5560260550198919
0.5560260550198919
0.5560260550198919
0.5560260550198919
0.5560260550198919
0.5560260550198919
0.5560260550198919
0.5560260550198919
0.5560260550198919
0.5560260550198919
0.5560260550198919
0.5560260550198919
0.5560260550198919
0.5560260550198919
0.5560260550198919
0.5560260550198919
0.5560260550198919
0.5560260550198919
0.5560260550198919
0.5560260550198919
0.5560260550198919
0.5560260550198919
0.5560260550198919
0.5405775881951413
0.5405775881951413
0.5405775881951413
0.5405775881951413
0.5405775881951413
0.5405775881951413
0.5405775881951413
0.5405775881951413
0.5405775881951413
0.5405775881951413
0.5405775881951413
0.5405775881951413
0.5405775881951413
0.5405775881951413
0.5405775881951413
0.5405775881951413
0.5405775881951413
0.5405775881951413
0.5405775881951413
0.5405775881951413
0.5405775881951413
0.5405775881951413
0.5405775881951413
0.5405775881951413
0.5315018491852896
0.5315018491852896
0.5315018491852896
0.5315018491852896
0.5315018491852896
0.5315018491852896
0.5315018491852896
0.5315018491852896
0.5315018491852896
0.5315018491852896
0.5315018491852896
0.5315018491852896
0.5315018491852896
0.5315018491852896
0.5315018491852896
0.5315018491852896
0.5315018491852896
0.5315018491852896
0.5315018491852896
0.5315018491852896
0.5315018491852896
0.5315018491852896
0.5315018491852896
0.5315018491852896
0.4748355471764327
0.4748355471764327
0.4748355471764327
0.4748355471764327
0.4748355471764327
0.4748355471764327
0.4748355471764327
0.4748355471764327
0.4748355471764327
0.4748355471764327
0.4748355471764327
0.4748355471764327
0.4748355471764327
0.4748355471764327
0.4748355471764327
0.4748355471764327
0.4748355471764327
0.4748355471764327
0.4748355471764327
0.4748355471764327
0.4748355471764327
0.4748355471764327
0.4748355471764327
0.4748355471764327
0.5810214722897094
0.5810214722897094
0.5810214722897094
0.5810214722897094
0.5810214722897094
0.5810214722897094
0.5810214722897094
0.5810214722897094
0.5810214722897094
0.5810214722897094
0.5810214722897094
0.5810214722897094
0.5810214722897094
0.5810214722897094
0.5810214722897094
0.5810214722897094
0.5810214722897094
0.5810214722897094
0.5810214722897094
0.5810214722897094
0.5810214722897094
0.5810214722897094
0.5810214722897094
0.5810214722897094
0.3952001337404987
0.3952001337404987
0.3952001337404987
0.3952001337404987
0.3952001337404987
0.3952001337404987
0.3952001337404987
0.3952001337404987
0.3952001337404987
0.3952001337404987
0.3952001337404987
0.3952001337404987
0.3952001337404987
0.3952001337404987
0.3952001337404987
0.3952001337404987
0.3952001337404987
0.3952001337404987
0.3952001337404987
0.3952001337404987
0.3952001337404987
0.3952001337404987
0.3952001337404987
0.3952001337404987
0.4553223700660425
0.4553223700660425
0.4553223700660425
0.4553223700660425
0.4553223700660425
0.4553223700660425
0.4553223700660425
0.4553223700660425
0.4553223700660425
0.4553223700660425
0.4553223700660425
0.4553223700660425
0.4553223700660425
0.4553223700660425
0.4553223700660425
0.4553223700660425
0.4553223700660425
0.4553223700660425
0.4553223700660425
0.4553223700660425
0.4553223700660425
0.4553223700660425
0.4553223700660425
0.4553223700660425
0.4713253416149783
0.4713253416149783
0.4713253416149783
0.4713253416149783
0.4713253416149783
0.4713253416149783
0.4713253416149783
0.4713253416149783
0.4713253416149783
0.4713253416149783
0.4713253416149783
0.4713253416149783
0.4713253416149783
0.4713253416149783
0.4713253416149783
0.4713253416149783
0.4713253416149783
0.4713253416149783
0.4713253416149783
0.4713253416149783
0.4713253416149783
0.4713253416149783
0.4713253416149783
0.4713253416149783
0.4574082664442045
0.4574082664442045
0.4574082664442045
0.4574082664442045
0.4574082664442045
0.4574082664442045
0.4574082664442045
0.4574082664442045
0.4574082664442045
0.4574082664442045
0.4574082664442045
0.4574082664442045
0.4574082664442045
0.4574082664442045
0.4574082664442045
0.4574082664442045
0.4574082664442045
0.4574082664442045
0.4574082664442045
0.4574082664442045
0.4574082664442045
0.4574082664442045
0.4574082664442045
0.4574082664442045
0.6580607567473606
0.6580607567473606
0.6580607567473606
0.6580607567473606
0.6580607567473606
0.6580607567473606
0.6580607567473606
0.6580607567473606
0.6580607567473606
0.6580607567473606
0.6580607567473606
0.6580607567473606
0.6580607567473606
0.6580607567473606
0.6580607567473606
0.6580607567473606
0.6580607567473606
0.6580607567473606
0.6580607567473606
0.6580607567473606
0.6580607567473606
0.6580607567473606
0.6580607567473606
0.6580607567473606
0.71175774435536
0.71175774435536
0.71175774435536
0.71175774435536
0.71175774435536
0.71175774435536
0.71175774435536
0.71175774435536
0.71175774435536
0.71175774435536
0.71175774435536
0.71175774435536
0.71175774435536
0.71175774435536
0.71175774435536
0.71175774435536
0.71175774435536
0.71175774435536
0.71175774435536
0.71175774435536
0.71175774435536
0.71175774435536
0.71175774435536
0.71175774435536
0.4285544219943347
0.4285544219943347
0.4285544219943347
0.4285544219943347
0.4285544219943347
0.4285544219943347
0.4285544219943347
0.4285544219943347
0.4285544219943347
0.4285544219943347
0.4285544219943347
0.4285544219943347
0.4285544219943347
0.4285544219943347
0.4285544219943347
0.4285544219943347
0.4285544219943347
0.4285544219943347
0.4285544219943347
0.4285544219943347
0.4285544219943347
0.4285544219943347
0.4285544219943347
0.4285544219943347
0.4716607817776683
0.4716607817776683
0.4716607817776683
0.4716607817776683
0.4716607817776683
0.4716607817776683
0.4716607817776683
0.4716607817776683
0.4716607817776683
0.4716607817776683
0.4716607817776683
0.4716607817776683
0.4716607817776683
0.4716607817776683
0.4716607817776683
0.4716607817776683
0.4716607817776683
0.4716607817776683
0.4716607817776683
0.4716607817776683
0.4716607817776683
0.4716607817776683
0.4716607817776683
0.4716607817776683
0.5154868723172576
0.5154868723172576
0.5154868723172576
0.5154868723172576
0.5154868723172576
0.5154868723172576
0.5154868723172576
0.5154868723172576
0.5154868723172576
0.5154868723172576
0.5154868723172576
0.5154868723172576
0.5154868723172576
0.5154868723172576
0.5154868723172576
0.5154868723172576
0.5154868723172576
0.5154868723172576
0.5154868723172576
0.5154868723172576
0.5154868723172576
0.5154868723172576
0.5154868723172576
0.5154868723172576
0.5390209876575653
0.5390209876575653
0.5390209876575653
0.5390209876575653
0.5390209876575653
0.5390209876575653
0.5390209876575653
0.5390209876575653
0.5390209876575653
0.5390209876575653
0.5390209876575653
0.5390209876575653
0.5390209876575653
0.5390209876575653
0.5390209876575653
0.5390209876575653
0.5390209876575653
0.5390209876575653
0.5390209876575653
0.5390209876575653
0.5390209876575653
0.5390209876575653
0.5390209876575653
0.5390209876575653
0.4005946177803565
0.4005946177803565
0.4005946177803565
0.4005946177803565
0.4005946177803565
0.4005946177803565
0.4005946177803565
0.4005946177803565
0.4005946177803565
0.4005946177803565
0.4005946177803565
0.4005946177803565
0.4005946177803565
0.4005946177803565
0.4005946177803565
0.4005946177803565
0.4005946177803565
0.4005946177803565
0.4005946177803565
0.4005946177803565
0.4005946177803565
0.4005946177803565
0.4005946177803565
0.4005946177803565
0.6420020273003075
0.6420020273003075
0.6420020273003075
0.6420020273003075
0.6420020273003075
0.6420020273003075
0.6420020273003075
0.6420020273003075
0.6420020273003075
0.6420020273003075
0.6420020273003075
0.6420020273003075
0.6420020273003075
0.6420020273003075
0.6420020273003075
0.6420020273003075
0.6420020273003075
0.6420020273003075
0.6420020273003075
0.6420020273003075
0.6420020273003075
0.6420020273003075
0.6420020273003075
0.6420020273003075
0.66308374028673
0.66308374028673
0.66308374028673
0.66308374028673
0.66308374028673
0.66308374028673
0.66308374028673
0.66308374028673
0.66308374028673
0.66308374028673
0.66308374028673
0.66308374028673
0.66308374028673
0.66308374028673
0.66308374028673
0.66308374028673
0.66308374028673
0.66308374028673
0.66308374028673
0.66308374028673
0.66308374028673
0.66308374028673
0.66308374028673
0.66308374028673
0.4732180824495771
0.4732180824495771
0.4732180824495771
0.4732180824495771
0.4732180824495771
0.4732180824495771
0.4732180824495771
0.4732180824495771
0.4732180824495771
0.4732180824495771
0.4732180824495771
0.4732180824495771
0.4732180824495771
0.4732180824495771
0.4732180824495771
0.4732180824495771
0.4732180824495771
0.4732180824495771
0.4732180824495771
0.4732180824495771
0.4732180824495771
0.4732180824495771
0.4732180824495771
0.4732180824495771
0.3382347409352136
0.3382347409352136
0.3382347409352136
0.3382347409352136
0.3382347409352136
0.3382347409352136
0.3382347409352136
0.3382347409352136
0.3382347409352136
0.3382347409352136
0.3382347409352136
0.3382347409352136
0.3382347409352136
0.3382347409352136
0.3382347409352136
0.3382347409352136
0.3382347409352136
0.3382347409352136
0.3382347409352136
0.3382347409352136
0.3382347409352136
0.3382347409352136
0.3382347409352136
0.3382347409352136
0.5721997256151283
0.5721997256151283
0.5721997256151283
0.5721997256151283
0.5721997256151283
0.5721997256151283
0.5721997256151283
0.5721997256151283
0.5721997256151283
0.5721997256151283
0.5721997256151283
0.5721997256151283
0.5721997256151283
0.5721997256151283
0.5721997256151283
0.5721997256151283
0.5721997256151283
0.5721997256151283
0.5721997256151283
0.5721997256151283
0.5721997256151283
0.5721997256151283
0.5721997256151283
0.5721997256151283
0.6126768770076438
0.6126768770076438
0.6126768770076438
0.6126768770076438
0.6126768770076438
0.6126768770076438
0.6126768770076438
0.6126768770076438
0.6126768770076438
0.6126768770076438
0.6126768770076438
0.6126768770076438
0.6126768770076438
0.6126768770076438
0.6126768770076438
0.6126768770076438
0.6126768770076438
0.6126768770076438
0.6126768770076438
0.6126768770076438
0.6126768770076438
0.6126768770076438
0.6126768770076438
0.6126768770076438
0.5151641593789975
0.5151641593789975
0.5151641593789975
0.5151641593789975
0.5151641593789975
0.5151641593789975
0.5151641593789975
0.5151641593789975
0.5151641593789975
0.5151641593789975
0.5151641593789975
0.5151641593789975
0.5151641593789975
0.5151641593789975
0.5151641593789975
0.5151641593789975
0.5151641593789975
0.5151641593789975
0.5151641593789975
0.5151641593789975
0.5151641593789975
0.5151641593789975
0.5151641593789975
0.5151641593789975
0.6200115696834061
0.6200115696834061
0.6200115696834061
0.6200115696834061
0.6200115696834061
0.6200115696834061
0.6200115696834061
0.6200115696834061
0.6200115696834061
0.6200115696834061
0.6200115696834061
0.6200115696834061
0.6200115696834061
0.6200115696834061
0.6200115696834061
0.6200115696834061
0.6200115696834061
0.6200115696834061
0.6200115696834061
0.6200115696834061
0.6200115696834061
0.6200115696834061
0.6200115696834061
0.6200115696834061
0.560489826971704
0.560489826971704
0.560489826971704
0.560489826971704
0.560489826971704
0.560489826971704
0.560489826971704
0.560489826971704
0.560489826971704
0.560489826971704
0.560489826971704
0.560489826971704
0.560489826971704
0.560489826971704
0.560489826971704
0.560489826971704
0.560489826971704
0.560489826971704
0.560489826971704
0.560489826971704
0.560489826971704
0.560489826971704
0.560489826971704
0.560489826971704
0.5418257924191821
0.5418257924191821
0.5418257924191821
0.5418257924191821
0.5418257924191821
0.5418257924191821
0.5418257924191821
0.5418257924191821
0.5418257924191821
0.5418257924191821
0.5418257924191821
0.5418257924191821
0.5418257924191821
0.5418257924191821
0.5418257924191821
0.5418257924191821
0.5418257924191821
0.5418257924191821
0.5418257924191821
0.5418257924191821
0.5418257924191821
0.5418257924191821
0.5418257924191821
0.5418257924191821
0.3828250759964718
0.3828250759964718
0.3828250759964718
0.3828250759964718
0.3828250759964718
0.3828250759964718
0.3828250759964718
0.3828250759964718
0.3828250759964718
0.3828250759964718
0.3828250759964718
0.3828250759964718
0.3828250759964718
0.3828250759964718
0.3828250759964718
0.3828250759964718
0.3828250759964718
0.3828250759964718
0.3828250759964718
0.3828250759964718
0.3828250759964718
0.3828250759964718
0.3828250759964718
0.3828250759964718
0.7196197186439122
0.7196197186439122
0.7196197186439122
0.7196197186439122
0.7196197186439122
0.7196197186439122
0.7196197186439122
0.7196197186439122
0.7196197186439122
0.7196197186439122
0.7196197186439122
0.7196197186439122
0.7196197186439122
0.7196197186439122
0.7196197186439122
0.7196197186439122
0.7196197186439122
0.7196197186439122
0.7196197186439122
0.7196197186439122
0.7196197186439122
0.7196197186439122
0.7196197186439122
0.7196197186439122
0.3928408365557843
0.3928408365557843
0.3928408365557843
0.3928408365557843
0.3928408365557843
0.3928408365557843
0.3928408365557843
0.3928408365557843
0.3928408365557843
0.3928408365557843
0.3928408365557843
0.3928408365557843
0.3928408365557843
0.3928408365557843
0.3928408365557843
0.3928408365557843
0.3928408365557843
0.3928408365557843
0.3928408365557843
0.3928408365557843
0.3928408365557843
0.3928408365557843
0.3928408365557843
0.3928408365557843
0.4394812178348104
0.4394812178348104
0.4394812178348104
0.4394812178348104
0.4394812178348104
0.4394812178348104
0.4394812178348104
0.4394812178348104
0.4394812178348104
0.4394812178348104
0.4394812178348104
0.4394812178348104
0.4394812178348104
0.4394812178348104
0.4394812178348104
0.4394812178348104
0.4394812178348104
0.4394812178348104
0.4394812178348104
0.4394812178348104
0.4394812178348104
0.4394812178348104
0.4394812178348104
0.4394812178348104
0.4561112292063285
0.4561112292063285
0.4561112292063285
0.4561112292063285
0.4561112292063285
0.4561112292063285
0.4561112292063285
0.4561112292063285
0.4561112292063285
0.4561112292063285
0.4561112292063285
0.4561112292063285
0.4561112292063285
0.4561112292063285
0.4561112292063285
0.4561112292063285
0.4561112292063285
0.4561112292063285
0.4561112292063285
0.4561112292063285
0.4561112292063285
0.4561112292063285
0.4561112292063285
0.4561112292063285
0.3759676781641872
0.3759676781641872
0.3759676781641872
0.3759676781641872
0.3759676781641872
0.3759676781641872
0.3759676781641872
0.3759676781641872
0.3759676781641872
0.3759676781641872
0.3759676781641872
0.3759676781641872
0.3759676781641872
0.3759676781641872
0.3759676781641872
0.3759676781641872
0.3759676781641872
0.3759676781641872
0.3759676781641872
0.3759676781641872
0.3759676781641872
0.3759676781641872
0.3759676781641872
0.3759676781641872
0.5136128396443311
0.5136128396443311
0.5136128396443311
0.5136128396443311
0.5136128396443311
0.5136128396443311
0.5136128396443311
0.5136128396443311
0.5136128396443311
0.5136128396443311
0.5136128396443311
0.5136128396443311
0.5136128396443311
0.5136128396443311
0.5136128396443311
0.5136128396443311
0.5136128396443311
0.5136128396443311
0.5136128396443311
0.5136128396443311
0.5136128396443311
0.5136128396443311
0.5136128396443311
0.5136128396443311
0.6242670869436751
0.6242670869436751
0.6242670869436751
0.6242670869436751
0.6242670869436751
0.6242670869436751
0.6242670869436751
0.6242670869436751
0.6242670869436751
0.6242670869436751
0.6242670869436751
0.6242670869436751
0.6242670869436751
0.6242670869436751
0.6242670869436751
0.6242670869436751
0.6242670869436751
0.6242670869436751
0.6242670869436751
0.6242670869436751
0.6242670869436751
0.6242670869436751
0.6242670869436751
0.6242670869436751
0.7786231337952998
0.7786231337952998
0.7786231337952998
0.7786231337952998
0.7786231337952998
0.7786231337952998
0.7786231337952998
0.7786231337952998
0.7786231337952998
0.7786231337952998
0.7786231337952998
0.7786231337952998
0.7786231337952998
0.7786231337952998
0.7786231337952998
0.7786231337952998
0.7786231337952998
0.7786231337952998
0.7786231337952998
0.7786231337952998
0.7786231337952998
0.7786231337952998
0.7786231337952998
0.7786231337952998
0.6056993910005701
0.6056993910005701
0.6056993910005701
0.6056993910005701
0.6056993910005701
0.6056993910005701
0.6056993910005701
0.6056993910005701
0.6056993910005701
0.6056993910005701
0.6056993910005701
0.6056993910005701
0.6056993910005701
0.6056993910005701
0.6056993910005701
0.6056993910005701
0.6056993910005701
0.6056993910005701
0.6056993910005701
0.6056993910005701
0.6056993910005701
0.6056993910005701
0.6056993910005701
0.6056993910005701
0.5337537755610029
0.5337537755610029
0.5337537755610029
0.5337537755610029
0.5337537755610029
0.5337537755610029
0.5337537755610029
0.5337537755610029
0.5337537755610029
0.5337537755610029
0.5337537755610029
0.5337537755610029
0.5337537755610029
0.5337537755610029
0.5337537755610029
0.5337537755610029
0.5337537755610029
0.5337537755610029
0.5337537755610029
0.5337537755610029
0.5337537755610029
0.5337537755610029
0.5337537755610029
0.5337537755610029
0.3843537522122205
0.3843537522122205
0.3843537522122205
0.3843537522122205
0.3843537522122205
0.3843537522122205
0.3843537522122205
0.3843537522122205
0.3843537522122205
0.3843537522122205
0.3843537522122205
0.3843537522122205
0.3843537522122205
0.3843537522122205
0.3843537522122205
0.3843537522122205
0.3843537522122205
0.3843537522122205
0.3843537522122205
0.3843537522122205
0.3843537522122205
0.3843537522122205
0.3843537522122205
0.3843537522122205
0.5590313177312325
0.5590313177312325
0.5590313177312325
0.5590313177312325
0.5590313177312325
0.5590313177312325
0.5590313177312325
0.5590313177312325
0.5590313177312325
0.5590313177312325
0.5590313177312325
0.5590313177312325
0.5590313177312325
0.5590313177312325
0.5590313177312325
0.5590313177312325
0.5590313177312325
0.5590313177312325
0.5590313177312325
0.5590313177312325
0.5590313177312325
0.5590313177312325
0.5590313177312325
0.5590313177312325
0.3904549891405438
0.3904549891405438
0.3904549891405438
0.3904549891405438
0.3904549891405438
0.3904549891405438
0.3904549891405438
0.3904549891405438
0.3904549891405438
0.3904549891405438
0.3904549891405438
0.3904549891405438
0.3904549891405438
0.3904549891405438
0.3904549891405438
0.3904549891405438
0.3904549891405438
0.3904549891405438
0.3904549891405438
0.3904549891405438
0.3904549891405438
0.3904549891405438
0.3904549891405438
0.3904549891405438
0.6424767797599813
0.6424767797599813
0.6424767797599813
0.6424767797599813
0.6424767797599813
0.6424767797599813
0.6424767797599813
0.6424767797599813
0.6424767797599813
0.6424767797599813
0.6424767797599813
0.6424767797599813
0.6424767797599813
0.6424767797599813
0.6424767797599813
0.6424767797599813
0.6424767797599813
0.6424767797599813
0.6424767797599813
0.6424767797599813
0.6424767797599813
0.6424767797599813
0.6424767797599813
0.6424767797599813
