0.07208794417690735
0.1141784892765378
0.1323906633294153
0.1303440817350874
0.1548233081181048
0.137049213316071
0.1442093567565145
0.1281908539892695
0.1496107395870639
0.1085139434594424
0.1322865811115139
0.11208285337077
0.1152625717364466
0.1108789520347055
0.1281080619501716
0.174827309754059
0.1336373136662673
0.1474172851401395
0.1098032542744908
0.1369597542599247
0.1751268700124633
0.1356698136196834
0.1351724345138078
0.1428234055149536
0.08056967443746749
0.1058185237014936
0.1199261804495774
0.1017851384905392
0.2015199329215514
0.1459724182895405
0.1372515320297066
0.1244875180938443
0.1013892708394273
0.1055549413710491
0.1244603724733788
0.1093587526226393
0.1261927579568568
0.1190917854585221
0.1107315426213919
0.1401065818998274
0.1271255602984523
0.141832906971339
0.1455538985844758
0.1801196904768279
0.1413346014734005
0.1020279488707595
0.08204932839669042
0.1469523983189674
0.07987287190427753
0.1360300322539822
0.1166713288486493
0.09750587230370711
0.1433036627469879
0.1038030961028
0.1225792766439122
0.1177514720579319
0.1014658979173473
0.1230241528979539
0.1139690941312734
0.1034343342685934
0.1346078645870178
0.1352184564603732
0.1211915644892665
0.1714930279750908
0.1167689178033393
0.1287539650957298
0.1395075156852583
0.09587863530301999
0.1474895839156273
0.09144463844601396
0.1020825542016732
0.1535079478936148
0.1035638566934689
0.1037618204257635
0.1398332140040732
0.06847804511038823
0.1804105200288425
0.1490086341848322
0.1102122035566671
0.1152062680083828
0.139325312513057
0.1295158865045848
0.09760589314469223
0.1053315639762605
0.1375135677119784
0.1278853388160583
0.1095631813895466
0.1903310231847333
0.1455938254048119
0.09730016060306013
0.1344993629690161
0.1359010995053619
0.1353264707762224
0.1124312375541234
0.08508830264574235
0.1401141613016346
0.07404479568010892
0.1161685613981685
0.1243006593924874
0.1153760421626337
0.1616636769929891
0.1128012688168256
0.1032708558297369
0.1008714296833878
0.1297580452323034
0.09895168774938728
0.07493493258017336
0.1292938703832832
0.1209617830033608
0.149298069050384
0.1496627178520132
0.1916647978703506
0.1710326819240087
0.1368318711448913
0.08302327165253756
0.1445696469900361
0.1422592279411307
0.09287227104103887
0.07448725965563169
0.1292528067586422
0.1052256017243629
0.1113491827263254
0.1066883315178841
0.09051905643459993
0.134643030542291
0.1246323088538255
0.1440987657895148
0.1488600327993093
0.1233221867471519
0.1261178330519435
0.1386771737109483
0.08670897655060725
0.1479766903848472
0.1113796851843921
0.1521159981827672
0.225727667941025
0.1689688621359828
0.1480822395576299
0.1473414581254451
0.1678108566799319
0.1648858531155429
0.073798290298703
0.0869363631432252
0.1259493663001704
0.1104023316765726
0.1089133036977539
0.126710529387123
0.1197954721189212
0.1695830336087744
0.1195582041187273
0.1560526360708434
0.1150291876977406
0.1526557925620408
0.09097815715757905
0.1149046029853589
0.08005981274405177
0.1389507529719612
0.1053336417998293
0.1626688958299906
0.1856584688381664
0.1245548228696526
0.1418769627504519
0.1102428990450197
0.09709529778783269
0.1712505851769121
0.06884483302843253
0.1118538034715778
0.1358544371019931
0.09871543982795127
0.1108254236220964
0.1049088781544069
0.08407190569447816
0.1567056756597745
0.08649711679832656
0.1469662846861538
0.1469521619112397
0.1278371749172685
0.1377675278041963
0.09848677225152755
0.1148477557026368
0.1513557900431934
0.1263219369936302
0.1308484514215078
0.2039508096145742
0.1322634225835148
0.1132492098784436
0.1173205378051646
0.1525362154661682
0.1036494085355078
0.1005173326161676
0.1257693946207969
0.1463879220699909
0.1088971880725961
0.1056585400457836
0.1113797056982508
0.1297823093298805
0.1581101044227379
0.1283448223383029
0.1275156258395088
0.1034418107233505
0.1268470511572993
0.1232744539595233
0.10087703658746
0.109312194357574
0.1353556387174632
0.1410051010639685
0.1443004158657786
0.1769542525877834
0.1181153961848435
0.1244177127951561
0.1451355322813435
0.136815148288363
0.1997948622422389
0.09514130637301585
0.1234124810055304
0.1275902338193828
0.07761554974230206
0.1287064590525749
0.1352178164977948
0.07322739618910531
0.1207200416542328
0.1180759092690693
0.1358194592129663
0.1269628334521407
0.1399556638457552
0.09226661532157582
0.1086548933936894
0.1007882992653632
0.1369968054521584
0.1306028188507495
0.1246340878905007
0.174345667323693
0.1498697528270443
0.09926126060386831
0.1195303353227023
0.1142846347906675
0.1528981644370236
0.1029885609459672
0.1206723487579356
0.1456704147520606
0.09614437364394833
0.05941724952253091
0.09961340153639162
0.1151509825434634
0.1631000246917899
0.1007962685092692
0.1486477241982487
0.1021623388423642
0.1032079970717872
0.1017185985755015
0.1102794579972137
0.1345279915425543
0.1016547536208811
0.1122243308239066
0.1624756488594703
0.1471470483897367
0.1404652357759739
0.1240902240460307
0.08108950705158394
0.1427600157472582
0.1456336802097898
0.1025098791872209
0.1116735401113207
0.1309610289425749
0.08577919833105892
0.1207357889116906
0.1202433965708463
0.06923691074385359
0.184132974506813
0.1237137813952134
0.07053678140658007
0.1148845097473921
0.1067528236023461
0.09948632077967179
0.1158827915780479
0.1009064650053397
0.1124025986585976
0.1081562090816368
0.1205047533852588
0.1257467726375515
0.1080295185384019
0.09563833128973129
0.1065453609889748
0.1223389306392125
0.1724474876882618
0.07966517218642299
0.09790650731215343
0.1287261354146572
0.08126601041895534
0.1150488536864218
0.0890236108881261
0.1092236110742154
0.1528961659051257
0.1207162011511604
0.130715593473572
0.1273069089623295
0.1432621190495598
0.1206329680448082
0.119431841874396
0.1044151803743081
0.1168478705363113
0.1181394935215689
0.1405967687509111
0.1610592716219194
0.09101715781812653
0.07617887000233864
0.1143956646473507
0.1597349361375171
0.152790001395461
0.08441066081237338
0.113718159658253
0.153541060454781
0.1036267423881304
0.1267414951693146
0.08768584957866067
0.09023672409673385
0.1436250323712443
0.1188756293897419
0.1298687363285574
0.08804997195479536
0.1042701198494878
0.1302382168073184
0.09681041605894439
0.1171775554525473
0.129487093425686
0.144729681219242
0.110100328506097
0.215605116250574
0.1218948058649856
0.1304774666004318
0.142725452715972
0.1331030499803512
0.1123106869569936
0.1032759856106758
0.1217441013949212
0.1500649126369332
0.09418267722721924
0.1189628230049657
0.09315825177467722
0.1080882954343926
0.136386001684953
0.1121688060005285
0.09793363007684609
0.1083553594126213
0.1398649633818007
0.1240911109428466
0.1114511084668549
0.1064354221643353
0.1015641855135378
0.09259380501320086
0.1404223434353819
0.1878460080404196
0.128214191528094
0.1130135647645631
0.1078439571050161
0.1069116105960224
0.1447827532315388
0.1010493139387216
0.08770726223326934
0.1427713515928719
0.06199047792733593
0.1332932811782408
0.1242892835607311
0.06529549725863815
0.1831779252779567
0.1171081296127102
0.1342259246490557
0.1105892516841745
0.09392023079568371
0.1155329631298897
0.1142422114424856
0.1119163747406209
0.120564369125276
0.1331128786082231
0.1534335962172619
0.2093314567603788
0.1027683032834324
0.1194616172481876
0.06274133782501003
0.1440950636065177
0.1267081691273877
0.1166311570306509
0.09846114062575213
0.1658807925215278
0.09256340173255417
0.1401042958410829
0.1017246852735068
0.08781124146193775
0.2130379694150134
0.1271767493571122
0.1281226547252707
0.153228224727237
0.1536096061769935
0.1338788122448432
0.1095866783059704
0.1043023632590562
0.1228761262652874
0.1149364398120205
0.1516627261269347
0.1887896820569773
0.1116063188715326
0.1342649351225421
0.117276119457805
0.1178441892372641
0.1364390944989601
0.08837599320474704
0.1277218951236255
0.1504974663002767
0.1006587964352144
0.1384448220194539
0.1164473952773908
0.11475871447389
0.1821766413226306
0.1019191560448277
0.1065249933063588
0.12877583206072
0.1328087036373938
0.1517145780117715
0.1365626235145095
0.1026159379041447
0.1399613004494258
0.1236643043579796
0.1264089339975484
0.1716913560597329
0.1632518449193914
0.1499318436409844
0.1165931021760438
0.1772905170445657
0.1831694284296572
0.09437882465421939
0.09299746266244929
0.1490027295875261
0.1189884838476464
0.1072961730649136
0.08896863617147679
0.08763822841568976
0.1386046282854971
0.1049646084214728
0.121044759017625
0.1303101898524419
0.1069119055639312
0.09536342640514875
0.08252522670195296
0.08134227052749875
0.1412659749758058
0.1336587135925254
0.1365898346334105
0.1784552244037377
0.1444679032236076
0.1516882023330013
0.1230326119607595
0.1484620553546167
0.1272663242613674
0.08699963027339369
0.09839187912137633
0.1734517479457412
0.0527669832206238
0.1085633102948485
0.09213240459382671
0.06244118354527119
0.149895949390781
0.1026539334188719
0.1127923766128647
0.0932595132573692
0.1784712183924889
0.1170193966560559
0.118835921106565
0.08833712880226963
0.1508432226073333
0.1252516511140613
0.1944477284456923
0.1754158741105274
0.1192780122927299
0.1484363618316968
0.08997336080724763
0.1670762837694926
0.1922264447500487
0.1143644814910789
0.1030288354773175
0.1302045631443509
0.09406881943919115
0.1363230130212012
0.1024099351178158
0.05939040329309565
0.1688558478652533
0.1021334985768909
0.1364230035220009
0.1468669705966074
0.1495259987641707
0.1341518715808629
0.1070869223834658
0.07994413850736784
0.1454445858413559
0.1557161218356545
0.1387308797735048
0.2018316369435042
0.1346348065864987
0.1078025753598472
0.1501983397036551
0.1395482846024615
0.1457289492804394
0.103351993089102
0.1054856980254187
0.1264920364443037
0.08348674109552134
0.1506457415247802
0.06682330529996365
0.1114021802521245
0.1573781877065645
0.1296047080625454
0.1263037781309815
0.1218252217047012
0.1302652226391351
0.1310460470146233
0.1114559854156442
0.11095050388747
0.1143708022699081
0.1323843232728759
0.1201228985511107
0.1761172100934939
0.1107596110300098
0.1246276606965793
0.1286496684683221
0.1269094779910699
0.1970549013157985
0.08150559258954537
0.1052871537791782
0.1068048879032956
0.09163037605855839
0.1591758784557614
0.1113026892567437
0.1096701439677424
0.175183210787803
0.1377494659073225
0.1239828352075415
0.1122724355925248
0.1240308275062105
0.1534125270846332
0.1014038501768959
0.1005433121625408
0.1464968057976112
0.1184780146371101
0.1286417953004056
0.1562520382630943
0.1452345709607773
0.1566535026925076
0.1166602181697791
0.130948885114653
0.1516724993679902
0.1097571617496353
0.08885308728340355
0.1673951540872008
0.04967218154986953
0.1122211941035203
0.08436784435768571
0.08806864938550094
0.1710443350774679
0.1316150813008974
0.09456753674115173
0.1256735212481155
0.1071575565448817
0.09396136976585324
0.1052242434113246
0.08120987290270586
0.1752959498893601
0.1303206474757013
0.1260321037654272
0.1801541867150542
0.1271968807553568
0.1521943533772748
0.09168180675401807
0.1133847789397176
0.1512129837406634
0.07425081251839105
0.08319161060593722
0.1633479374990946
0.1022481672686571
0.1171511306738689
0.1427071337053988
0.06066995525860047
0.1864711302324032
0.1038777900409615
0.1187035601566895
0.1243511881534093
0.1083859749423216
0.1017446284208852
0.1372886543303373
0.09653803877930417
0.122648328506404
0.1421906668447436
0.1165097828103263
0.2140679994084673
0.1193593128032221
0.1151745192772048
0.1226024445258227
0.1024339270451086
0.1285845634533175
0.1048524894268448
0.07333086095597999
0.1578717078712323
0.1009974293154321
0.1280674598040358
0.1189117711830229
0.1094022167309202
0.1514113109414612
0.1231038683876782
0.1509861000305617
0.1668129959436591
0.1124047920705078
0.1259839249975075
0.1024641165106941
0.07598012750951207
0.1659122262436832
0.1448026532282738
0.1426974890784775
0.1386475249483243
0.1346278377609683
0.1133820546810273
0.1599444964084573
0.1510077212568673
0.1571746268067511
0.1081875185944953
0.1336248936892694
0.1308521117944822
0.06232818979669943
0.1623606958978887
0.1044152135044644
0.09957625209515407
0.1609077536837492
0.1355393082026699
0.1336927509194701
0.1103184404584667
0.1562330510436841
0.108024293018699
0.106247916716916
0.1444889557479001
0.1258660804644237
0.1249135883937139
0.1249908414691653
0.1692254497585518
0.09578195286772101
0.1266692158322026
0.1242230767471293
0.1503662790363518
0.09898311623700047
0.06404821003904712
0.1160272429183954
0.1251044808903737
0.1096530933187066
0.09956520085708967
0.08270021885221343
0.105972812818846
0.1820032151508278
0.08619136163577373
0.1024714037142923
0.09546070783744047
0.1419146961568101
0.1246713531644998
0.1188471312115682
0.1013163701097523
0.147882391616864
0.08441897427715561
0.1512880561006053
0.1859778309306784
0.1033940478004615
0.1263425418933568
0.1652077026488816
0.1189823938216249
0.1397084021752688
0.09950766340362005
0.1031650330039551
0.1461322091713138
0.07024751630206807
0.109220880091894
0.11085487731839
0.1027386740041958
0.1945537468678722
0.1214236223365872
0.1223550780556391
0.1436007368851921
0.1310080484714491
0.1220407142560821
0.1001781799658909
0.07743825236743399
0.09820290997397163
0.1380177682434928
0.1304049259286154
0.1957791434606719
0.1151764366537048
0.1366621769128736
0.1202042753695719
0.1207795074416567
0.1412199305411481
0.05479351394731504
0.1193212681689557
0.1361270104333724
0.09945635775069085
0.1590113940653522
0.1166231556199605
0.0797156511688307
0.1710924433706934
0.1185138428553454
0.152613833736004
0.1444216636377985
0.1464935115628848
0.12616505742628
0.08744463567741734
0.111977044484024
0.1391717062676909
0.1150641289591312
0.1427373505471163
0.1974019441586988
0.1092721791161621
0.1005384230170323
0.1320304058162257
0.1595499394707739
0.1507768449120295
0.1135912329199713
0.09949476674696345
0.1270896757970588
0.08814639238133538
0.1023497268611193
0.1183957086648369
0.1148907421817736
0.1718894394185694
0.1394671110648565
0.1234816712167901
0.116114636350716
0.1786971666914373
0.1180006489491889
0.1230876122109011
0.106002190315382
0.1364418576424608
0.1225612842909206
0.1117689156833995
0.1928731536026316
0.1221866723790166
0.1305625333388759
0.1649659737674107
0.1294125790253204
0.1411499680744373
0.1166719915337245
0.07890754814005471
0.125340343142616
0.1001293754437227
0.1109710879595386
0.1039328722873927
0.1064951575572175
0.1822517421665513
0.1015621028735856
0.1607829360444849
0.1285807046967671
0.1282128884029513
0.1151812881394481
0.1116492007894281
0.09625946015759483
0.1409425668294014
0.1010636178320231
0.1216280330102932
0.1730035793248057
0.09239472364212616
0.1656064583094506
0.1174600328746438
0.1921603361023636
0.1386509108662372
0.1098861647929974
0.1099676802700608
0.1760771825142371
0.0632524888803789
0.1171839677007786
0.1115572951537983
0.1332378367167747
0.1983430525373282
0.169830725496563
0.09157236701741031
0.1038049562748926
0.1397887790112796
0.08056840551762058
0.1294591932788836
0.09564944186178456
0.1053513699251107
0.1133771026572667
0.1416784359395635
0.2169005392280987
0.1355994769698371
0.1503308505839445
0.1376629615541672
0.1506071203640666
0.1329595292406374
0.06623006818481331
0.1355797009695314
0.1346019706041562
0.07590773660110595
0.1396005223698055
0.1120684091902323
0.1010852569324893
0.1937553453604486
0.1702308007244166
0.1427535893975769
0.1136372752649076
0.1296155865285431
0.123641972554908
0.1547261005769666
0.1134847230177093
0.1414782555918023
0.1216859289796619
0.1772194236307657
0.1853223852386731
0.1451609475304849
0.1309697258836289
0.1290029963754409
0.1332886279920212
0.1499404405206201
0.09635805451671502
0.07339212334509754
0.1700815017622272
0.1022488071191866
0.1304317226939943
0.1018743160366934
0.1274790359040883
0.1449457673297528
0.1144488212131109
0.1581570108241999
0.0970139460105322
0.09838493341521326
0.1255164694197601
0.1235416125969113
0.1128388278329861
0.1643766208239983
0.1032133447556223
0.14500905728432
0.1821491067033781
0.1503849687342074
0.1388550983925135
0.09182530246650446
0.1744294915532358
0.1657419083685719
0.112576460002953
0.1228428101917004
0.123373016684008
0.09282957886683531
0.1256420355470828
0.1130078640791133
0.1062333367353339
0.1899329954670011
0.1622407890403311
0.1477408294959248
0.1213719768110436
0.1441131586020779
0.1169233131339147
0.1346391598076982
0.1206980299041644
0.1405273237387023
0.1370527104366138
0.1415156403387317
0.2054507674386109
0.1367278992264801
0.1567892606856239
0.1158055992659147
0.1551806018420586
0.183806397631899
0.09582243698423104
0.1143772370474686
0.1423351887111927
0.04548709719801727
0.153347419627314
0.09193960835018583
0.1133190197713649
0.1901454129814725
0.1043357739914272
0.1529303228270978
0.1381397894781738
0.1238474344206114
0.1212038012446773
0.1235900108549298
0.1220720236044658
0.1302185365302935
0.09584716218566969
0.130169483658033
0.16755040923042
0.1403787740283043
0.1421836126547298
0.1316421987771963
0.1481234803839756
0.1347082515900405
0.1143363049715475
0.08639906039325072
0.1473840946495846
0.04870388218051636
0.1168638015051886
0.1257189889580699
0.08819557314932902
0.1491069148416818
0.1407884216198296
0.1513576641395563
0.08279560758080595
0.1397632919301139
0.1404280285444462
0.1329600368701844
0.1309247756350661
0.1265347820512444
0.1170075361481004
0.1136168657031271
0.1592656748236289
0.11300847956898
0.1604922710099878
0.115256446576158
0.1718286643252384
0.1239846952756079
0.1089375245156022
0.07382841941388719
0.1677270680024722
0.07746370184912905
0.1237932612249608
0.1490091919538232
0.1096864324182272
0.1471393230789791
0.1231726816053238
0.1300395360238809
0.1404057123402933
0.111065890320051
0.1259085525013928
0.1128846933326031
0.1019226791583147
0.142704354423326
0.11622725161005
0.1858381318246854
0.1603464433154553
0.1335280621807528
0.1719746309493527
0.1025184324298707
0.1345547983795286
0.1680414951157827
0.08882350977629178
0.1170843110843211
0.1410223105301691
0.08768132066803927
0.09354136172038274
0.1138567064163116
0.1236613067147633
0.2064356148418736
0.1483146020414787
0.1364835587870071
0.1386924589765137
0.1166439222972254
0.1218545856058966
0.1370969498761446
0.0967441946331408
0.1367583894910099
0.1373196999089745
0.1411686208790368
0.189704347258537
0.1325166748120514
0.1012447255049515
0.138379735999635
0.1149655844854563
0.1172201781074448
0.05896630352856391
0.1274236061413182
0.09710646354958477
0.05466074375341778
0.1430584284157007
0.1164941777919994
0.1196606549318406
0.1914638141436577
0.1616276410238915
0.104777330218492
0.09553629741545606
0.1210746614684752
0.1269063997476658
0.09077519385152338
0.1084038632186188
0.1297186839252042
0.132280587933054
0.1401183916039251
0.2096667858505731
0.1311589812778282
0.1611803829774734
0.1366055360917619
0.1397298927908513
0.1779505553145768
0.1408971061822932
0.1207782937139837
0.1481813954005876
0.08591527030039255
0.1106586713234153
0.1167864723513381
0.1227735735621718
0.1916483145180933
0.118580902971875
0.1327791878839485
0.1237774968028817
0.1512773515591125
0.1085798558248396
0.1132767012049209
0.1216141472068624
0.1371363440416842
0.1004469420322172
0.1166482112566897
0.1935444387144513
0.1468475349510148
0.1216618776315343
0.1386113368300788
0.1554332234341299
0.1438509132518267
0.06798650129802519
0.1131676951378483
0.1532134049587315
0.08985031952706707
0.1228621747506788
0.1043152868908074
0.1236746170783188
0.1812764062252161
0.1022047614596122
0.0919054548383663
0.1363657982566715
0.1130207695661203
0.102106091097742
0.113281145872445
0.07410133417991978
0.1265007734961061
0.1034662531131724
0.1741297198984939
0.1537987856052644
0.1410167929650694
0.1500957125170263
0.0802009108064165
0.1182454010346499
0.1545839124144017
0.09173244129329401
0.1088748899510647
0.1163614972865804
0.06360606746494708
0.09703034576882411
0.1052538522134942
0.1018654621774703
0.1900898475308476
0.1220418217175189
0.09575521006053068
0.1054417758558429
0.1234816978632656
0.1549839061170194
0.07175581968101337
0.08721259874707944
0.153721098982198
0.1395647438850033
0.1563118999132316
0.1809630793168174
0.1773996125422633
0.1002930666392857
0.09666520123647349
0.112931432728303
0.1977586090263634
0.1074239739485549
0.1012540807937108
0.1481687799069621
0.09758231511743698
0.1374759239457217
0.1294617907837491
0.1032601853712091
0.1666880089109867
0.09852475751816284
0.1567346148213275
0.1254015208943633
0.1717910357279906
0.1333197118581789
0.1055868047590037
0.0731116182492713
0.1300956230471516
0.119504837437389
0.191380623041677
0.1611043408570873
0.144415142178578
0.105630745084839
0.1168133257784
0.1380794703455784
0.1443497362629768
0.1140783965636882
0.1075093708875936
0.1326240980011904
0.07971536438713238
0.1323109587594052
0.07145347801974562
0.1026897739353298
0.1456971821427454
0.1303296607894046
0.1132720293765306
0.1249781778141571
0.100377640309549
0.1142017401616364
0.09153259268844323
0.08841167319619143
0.1243071211627267
0.1113344700135491
0.117726930395902
0.1815604388852167
0.1318957182713346
0.1784349431382473
0.1279535456390988
0.164387490109621
0.1368567012302174
0.102163944827988
0.1051251248102231
0.1315136189346696
0.0755230100338887
0.08880729594338754
0.1008495325437122
0.06284884817719773
0.1778481313421409
0.1176385909011951
0.1062833367843543
0.1162538374420095
0.1417672601356499
0.09792737530186911
0.08734267549563998
0.05086012955269185
0.1338267197165273
0.0927794987639026
0.1592805852164411
0.1777734138173162
0.1383174051790066
0.1252254201057783
0.1345947235982846
0.1732345454816499
0.1496181307940328
0.135716731649433
0.08533676330337024
0.1334666334463393
0.07771771547527288
0.1410405588998568
0.07268274005338607
0.07697440260440917
0.1670088199040109
0.09233347349120728
0.1539308311641321
0.1503949424363075
0.1472608926387224
0.09943700038522425
0.1197596194100518
0.07242515131746519
0.1388022324982235
0.1501261616453676
0.1531312725537952
0.2098329575598918
0.13927765270472
0.162284857676414
0.1402725506578645
0.153811460980167
0.1359764295488368
0.1101168953467216
0.1039226510529205
0.1271303154387862
0.06811388443054492
0.1321396398998132
0.1047295898213464
0.1284915833748227
0.141802030195473
0.1425715691909868
0.1394774417662951
0.1394484353544491
0.144371239914154
0.1048988228761868
0.1152763806117325
0.1197158693635413
0.1084233205402732
0.1103355659978765
0.1105600668314701
0.1612289641890079
0.09252834028473861
0.07643954637029197
0.1042462541241106
0.1653029304601882
0.1701553600557473
0.07777710501134366
0.1001410308808475
0.1407529304157915
0.1092226958776636
0.097749079758635
0.1321010493729519
0.07290753311847536
0.2043808738015973
0.1623844023889735
0.1077352838375928
0.1755688762905488
0.1445178292724649
0.1042778832552262
0.1316358035525353
0.09864748596680861
0.1509988173220065
0.09455744176170075
0.1430273540443848
0.2200300253402255
0.1449842032179994
0.1264996265857395
0.1100046247766173
0.1567333282618915
0.1499788067904974
0.1054347298832027
0.1097361354600183
0.1185257552414242
0.1011702329651528
0.1422961381036033
0.1461808284168057
0.0595084198583416
0.193217971784394
0.1047724902558358
0.1351876294489573
0.1143545886421172
0.1593082645365275
0.09214842038170595
0.1072448112698454
0.1021319665726821
0.1330807075955942
0.09073294094220127
0.140277473942884
0.1861849730106662
0.1348824714446465
0.1018197131915424
0.1271041481668613
0.1390816906999905
0.1563980355342466
0.1066428753762595
0.1417003427714927
0.1513093501878002
0.08941322130609872
0.1054387905465698
0.1121313914910912
0.1352291147478866
0.1706581112809139
0.08660934132845773
0.1240204769824569
0.09910093137789419
0.1249256681472345
0.1215635025584629
0.1154215938015872
0.0993506491466719
0.1248982845751894
0.1236331837374791
0.1336996426907024
0.2048288912870477
0.1179456284408513
0.1027711859581071
0.1264892003923412
0.1574241094208
0.1500089245779823
0.1399389930271652
0.1302038561061777
0.1292853425180715
0.07906825394226395
0.0959381041896184
0.09510839264244464
0.09816698501045797
0.1329450712455513
0.1232693431997686
0.1474921722390669
0.1357083067921359
0.1605526024013656
0.146078861045513
0.1083334121181907
0.1088665481441047
0.1490352455785536
0.133536292660912
0.1082881056607039
0.1928161321508525
0.1029361547219876
0.1335123298728994
0.1510292681501259
0.1720619242055595
0.1395636180288544
0.126915834609379
0.1018212584502008
0.1235778787690057
0.08581313504358515
0.1397131743749238
0.1219779085758098
0.08670437524908742
0.1993751704841278
0.101615626188976
0.1130447705156461
0.1364291923036839
0.1196398751974679
0.1629498411848538
0.1165583280699097
0.1110182380505729
0.1279325521889479
0.1167655715545
0.1251747344378331
0.1866386657042832
0.1175877147035675
0.09406668412324598
0.1728951566110494
0.1785404826473738
0.1679220346264875
0.100189849924609
0.1022522333411884
0.1566375225581409
0.04753975193228342
0.1087997406262743
0.07961502694949528
0.08563416860048481
0.1582751168637196
0.1382820166477194
0.1079023782997171
0.1332191673590052
0.1480675368605459
0.1172746225170626
0.08886608934662441
0.1004038572858959
0.1394062305886172
0.1124967146736423
0.1628291859458937
0.1540181858230352
0.1119397606751269
0.1356213875892866
0.1009776825937241
0.1436968086651538
0.1530026039164643
0.1179734221857197
0.132450429470815
0.1427710862819837
0.0540759258661667
0.1179687092435059
0.09819028579423009
0.1174714314155174
0.1717194351399296
0.1424738751046446
0.1197355591941381
0.1003542409124155
0.1493036872543649
0.0983283536820248
0.1111483212226121
0.1033993772160699
0.1142811170141424
0.1329274790516545
0.1512430972696155
0.1473117989820548
0.1312676614766737
0.1376113254611961
0.1563349301318948
0.1324870966312744
0.1494852688450086
0.1134228412165595
0.1047206772428256
0.1012185354213132
0.09190869991798226
0.08274143698336428
0.0909984942270216
0.1125852221972313
0.1940008240922056
0.14715465518361
0.09956996875768237
0.1240496731512983
0.1017337722262581
0.1121393327467855
0.1140194581348023
0.1111331576842923
0.1341048180767392
0.1197448589209527
0.1529233403385105
0.1693577045662617
0.1503224517177908
0.1271849703807759
0.1252480240254477
0.1750649235402655
0.1584087111669512
0.09654817142718528
0.1065658990083084
0.1308256305160854
0.08670933209751208
0.1317730563083974
0.102162628907343
0.08568143645587317
0.1691866311166051
0.1306544225216537
0.1655198259270058
0.1209022838196702
0.1357102892622523
0.1642860389819464
0.08834395775758119
0.1277082179607142
0.1386544151493715
0.1135300277510509
0.1646240674981632
0.2080214205171364
0.1235300129256062
0.1305475922614239
0.1175261867589846
0.1348564778492856
0.1863413759004906
0.09193708926743839
0.1138877601240869
0.1370957366263633
0.09763605827273883
0.1049063721487905
0.1106959928998658
0.07932117053670905
0.1524505120378448
0.111335857278819
0.1406650322333058
0.1191075101944045
0.1452071203305288
0.1347674172406433
0.09665718254513431
0.06395302048401663
0.1302201528318919
0.09469516377359259
0.1493223203168709
0.1553297911451447
0.1415224752531848
0.1133986132487689
0.1367039867525782
0.1550332701441575
0.1281326058969128
0.1034730206015261
0.07747420150127672
0.1099216984363755
0.07477833151687921
0.1161160010048341
0.1046227845577071
0.09848837002177388
0.1470155155850927
0.09568831109379607
0.1033394577840507
0.1142918231342017
0.118701554193313
0.09828416669936929
0.1194329579456537
0.1082621312601874
0.118553333360286
0.1316806774482772
0.1326524285152753
0.1787970167973441
0.1104892796808885
0.1258524547323804
0.1246982165173774
0.1124993983042689
0.1567797853599696
0.100873532579267
0.1142741292866401
0.1426683413698352
0.05822072009455481
0.132055130406674
0.078194456292103
0.07130789681763458
0.1626901950178432
0.1627066464618072
0.09692567619972257
0.123391998882666
0.1065695124039658
0.1400540883824136
0.1326218714052721
0.09381654438247028
0.119696154800499
0.155876369326299
0.1356795884378888
0.1961215994849241
0.1048913184542309
0.1228540143035114
0.1238946898250852
0.1658030776625634
0.1474457725376081
0.07142313387441782
0.09140883273858727
0.1216320961553664
0.101387885771022
0.09450360328527971
0.1011047979908753
0.1228343819971051
0.1903045596560406
0.1471635261254969
0.1071659816214074
0.1026868552684925
0.1306521861781849
0.1035294735929961
0.1339120245743255
0.07502893187201354
0.1155219267400823
0.1091884316511391
0.1183486665920055
0.1837227614102426
0.1141347268770085
0.0933430901066292
0.07925393056345706
0.1747330299944255
0.1282847080146978
0.1146851429220071
0.06794398460879729
0.1620182435369068
0.06760439700057495
0.1375877396748518
0.1009187100880229
0.1247113063481875
0.1981851041597876
0.1532930494551096
0.09093636192846838
0.1204827109147246
0.14241293109715
0.1145629107020848
0.1168780158969275
0.1030335598217447
0.1388943488837967
0.1536715922918407
0.1447097487275418
0.1787347998428447
0.1332225949683097
0.1170005109498193
0.1410321871223676
0.1753605835874363
0.1620000266837475
0.1384651846146426
0.1372974245781394
0.09367915010990376
0.05042884978100402
0.1438848425628335
0.1410056289380945
0.1103875399307081
0.150557836999172
0.1065366421381129
0.1407514920777879
0.1053804943875404
0.1430866385686861
0.1423542583380802
0.09812452509295849
0.09605468437260109
0.1406839307888647
0.1279002660473317
0.1431984921940848
0.1569636300933504
0.09209218313224157
0.1101309928124332
0.1222261091479286
0.1537054903656438
0.1525016404869022
0.1198182152317591
0.08510836979116812
0.1652297124685473
0.093174912621544
0.1260147288009491
0.09278489892783795
0.111624797662825
0.1546051798027805
0.1260888805532907
0.1561632185894465
0.1035905431836111
0.129131574036445
0.1149003465357375
0.1182825614302103
0.108330702076296
0.1262071388662727
0.1325867631822557
0.1274240983210015
0.1730768965379761
0.1167027918285327
0.1186139885063153
0.120417134424465
0.148811387760363
0.1541750975691238
0.1115808022141238
0.0620420738930831
0.1565599276390574
0.08376003080461092
0.1302072020576801
0.1327263617278469
0.09313488366955436
0.1999325786978194
0.1342683204906903
0.1018120712552983
0.1196873377590766
0.1097599983468083
0.1148380558747618
0.1131856685693303
0.1176362691843023
0.1729620133111088
0.09498998900106319
0.1377225436932589
0.1719129528424247
0.1066437832869962
0.1129312677930045
0.1370022730212598
0.1476195857473006
0.1641038105115762
0.122472036506707
0.137337326124268
0.1364749778878951
0.1043517982748405
0.1338259759837883
0.1435754471390422
0.1028659624977519
0.1836215456117296
0.104444682343661
0.0937148699939834
0.1402459257339086
0.1264258286368601
0.1176294599568073
0.1351320970756912
0.1092654698885663
0.1448051565644663
0.1194742583631698
0.1347559044118763
0.1684833068228861
0.1104891901563949
0.1035670873875324
0.1229212186430591
0.1486637208012967
0.1440759456278844
0.08096158117088617
0.1090111963285715
0.1511150334356513
0.1112078458693221
0.1005127850785907
0.1523602427051313
0.1206575421752567
0.1681178022051107
0.1563206301301724
0.1339743525341923
0.101297234269487
0.1422027324359329
0.1239682620321604
0.1168328314328841
0.0912702585045731
0.1676400712057842
0.1246347098872633
0.160087303715258
0.1831725358994482
0.1175973088892371
0.129825814843073
0.1401637792862567
0.09704941958219102
0.1776130814286256
0.1293100223240864
0.1099772072787937
0.153834398737097
0.07731065371706972
0.08651330426670036
0.1027755182573812
0.120245468740092
0.1633142841011003
0.1124296559586498
0.1153171812816716
0.1376555644818694
0.1197334174513146
0.1043781812955892
0.0918449487584283
0.1163249197798797
0.1349612405648612
0.1338351190433759
0.135348407122612
0.1443154752023334
0.1757254270128767
0.1252736095302632
0.1234304223336928
0.1060552297344183
0.201264866322685
0.1446396609760303
0.1127954099380556
0.1220295109356874
0.0652924415975958
0.130373824320875
0.1190371105890433
0.09734096174967721
0.1390982398448013
0.1238113713761742
0.1235466184853314
0.1103624355783026
0.1648917587566878
0.1148354452300859
0.108350140634269
0.1211512690400062
0.1431981251428228
0.08298090452953255
0.1514812581723007
0.1700083858400805
0.1042762257907816
0.1257620426008837
0.1323162668731838
0.1381030458747398
0.1456828978821224
0.1436279891139881
0.09315797567821629
0.11268228390168
0.08276088914082189
0.1102981539956038
0.103738414934209
0.1241693841779736
0.1912004390757207
0.1402033010478916
0.1580384459210187
0.121491356908373
0.1516433189977386
0.1274059591479422
0.1205767789149269
0.1026717116488368
0.119067598958437
0.1124210116832525
0.154143506201252
0.2164465847730273
0.127599990015201
0.1241246176478644
0.121273435416445
0.1666612660952507
0.146232307390106
0.1280343924297114
0.1213741200906057
0.1721483342947815
0.1061042251366325
0.1096471728643068
0.1025511323665442
0.08295489579482795
0.1702821870574032
0.1272900283764876
0.09792344838572853
0.1167814155172227
0.1116501768931816
0.1250047891973268
0.1272034965814081
0.09353464436046369
0.1396377833021423
0.1148987644796829
0.1076863887929028
0.169863977339638
0.1136752933455185
0.08745346283915049
0.1239433865365636
0.1360687538302917
0.1619794400810975
0.1046499835043893
0.120973942540396
0.1258251960482299
0.1025783277236468
0.06814402380730945
0.07879487112826472
0.08211143789446673
0.1740656442981517
0.1370964435579243
0.1405636023198851
0.1288372870151709
0.1005266968102343
0.08216279867009968
0.1037396783839665
0.0962186549798056
0.107581571730537
0.09552023103287202
0.1440035758238543
0.15735820889758
0.1137659155085429
0.1177322863106715
0.1118719432172272
0.1399894338522616
0.1554976987900833
0.06882854414807062
0.1035881398844189
0.1773195429576489
0.06598497182100178
0.1454907162763034
0.09929536553845657
0.1302140832226937
0.1769205206366463
0.1266577441721761
0.113187608873489
0.1033355648713293
0.1195624998148598
0.0988252893101853
0.08811903426629354
0.07707074701277428
0.1318319766089221
0.07871487893840624
0.1252026318869552
0.1870977788506859
0.1188648539701387
0.1587055558732506
0.13559900389376
0.1464435934118867
0.1857893858850208
0.09222509593969538
0.0823504964622753
0.1183524146895326
0.09632789782227544
0.1356919478512764
0.1426347981242746
0.09597103797690622
0.1690422130261087
0.1361106362374783
0.1024119216157
0.1570639704475754
0.1127912863017658
0.1127213246169662
0.1013022025779696
0.1338430506200846
0.1201675375632559
0.1328708032552298
0.1570623609818169
0.2025453517735331
0.1008299316067388
0.1561590648847557
0.1459322817291393
0.1459893246252719
0.1630311275886314
0.1061371582987325
0.0556460212878652
0.1380726719673729
0.09180768090362311
0.1322339826396034
0.1197654070442984
0.07933543188889246
0.1604114410143467
0.1095946097950435
0.08907156752657408
0.130065867823523
0.1240253478561208
0.08562198440182697
0.134447198476038
0.1085230507694256
0.118307509224007
0.1018004496474849
0.1271770378785469
0.1643163378217495
0.1206000666736794
0.1355995913679331
0.114618136476256
0.1052031926578074
0.1767092862363313
0.112159802264849
0.08170751881662083
0.1008593361555207
0.1087169280259054
0.1805428030307336
0.1181014793935369
0.0787999235276802
0.1500074926560336
0.1312451930521818
0.1241405193868342
0.1515969753472377
0.1519043843181455
0.1250947330143544
0.1061172615168756
0.08151212655805834
0.1424220393994857
0.107497886187763
0.15430109577954
0.1476587156752165
0.1327980433822275
0.1234125587833247
0.1365311427299302
0.1378663711978524
0.1580859188347586
0.1042711183170599
0.1046971140816517
0.1466396973298274
0.067636723194997
0.1356319701061708
0.1217444533708406
0.08049330743069463
0.1707919100196944
0.1632365834228421
0.1529748546318932
0.1331242018003965
0.1170967452876829
0.1344802108632291
0.1063980005391485
0.09773773446612866
0.1409914456568442
0.09322067516505037
0.1502740333271667
0.2178095903204502
0.09884055472175671
0.1127882591412699
0.111986773454435
0.1601123896527882
0.1602761624862331
0.1026250859378582
0.09185436987994693
0.1480626341588474
0.0617642456889165
0.1257592133496487
0.1110341266117201
0.110298592690408
0.160250476893398
0.1394037875251205
0.1133241949054386
0.1383615598544631
0.1207857593190516
0.08909166105010141
0.0916602693727486
0.0979967258228544
0.137334870873371
0.1088124100216179
0.1183415315651914
0.1782653582637424
0.1234051029214954
0.1438864070503937
0.1319712884058115
0.1486870390589374
0.1262881866725434
0.09728542556304806
0.08159406124256047
0.1287948734816096
0.06842334269025946
0.1212521017866382
0.09901150154245059
0.1220587023982537
0.1703935373555071
0.1324156596120821
0.1062023296688438
0.108065625644209
0.1487967180965735
0.1094638371461849
0.08588893683752755
0.1070364304854291
0.1762402749812302
0.1471430689334961
0.1265930979100295
0.1811020559027474
0.1328715922585317
0.1393626531648033
0.147317360015511
0.1451993638052654
0.1640738205630502
0.09781297290884157
0.1085529297048949
0.128757546171233
0.0636339618273746
0.1354072044341968
0.1045430627520778
0.1038251913870095
0.2175185789597988
0.1726731330718749
0.1370643921231134
0.1336022669935258
0.1574339562330074
0.1177733458709562
0.1244150630451316
0.1002781552451642
0.1319765235775571
0.09881942180399401
0.1961502816760571
0.1944202353179837
0.09730749866359134
0.1276998300256503
0.1363254744266025
0.1220677893892327
0.1573498412815199
0.151779142450281
0.1184063374162051
0.1600469466892356
0.06347121376354678
0.1201271431386836
0.09228980231379122
0.1076657147515787
0.1777007330019275
0.1158421036091758
0.08972286950053815
0.1448462560418879
0.1672787804703544
0.0939782476410829
0.1269168949859257
0.1171242438053832
0.1299622761768446
0.140667867983101
0.1343927301349321
0.169326417512405
0.139952663376816
0.1196185889512523
0.0959480174073741
0.1610007437281819
0.1680053178913719
0.0842569222674889
0.1165690719790472
0.1415772300107689
0.107398253553303
0.1433646099017152
0.1140807668834479
0.08569284700360984
0.2073513792078889
0.1383795315566969
0.1231062168958266
0.1652862998543168
0.1462724498803363
0.1098222069183914
0.1063067452808955
0.0583670613928409
0.1244536609542597
0.1249623731333214
0.1478568030203315
0.1946547975868396
0.1466287793026333
0.1758704107990375
0.108298262750578
0.1421570396685123
0.1865331901590636
0.1213452533112413
0.07795000172139514
0.144866695223902
0.0720600769327856
0.1085538162007699
0.09249392105030937
0.1209000019965658
0.1280920100171465
0.1172365294336593
0.1446688465472434
0.1079569957475907
0.09975685070215215
0.1129973385730535
0.1117783683374855
0.05731179088173805
0.1391296568867426
0.1237275363917739
0.1228283275385099
0.1521349584094773
0.1428198271918322
0.1010296050374123
0.1330777167611881
0.1291858315079652
0.1370718113525942
0.1056775383488626
0.1187773501332185
0.1572549473327418
0.06344478716609322
0.1564482947007584
0.09970623650661783
0.06897304201341212
0.1610474406296802
0.1538716386762292
0.105493182589765
0.1541275897747026
0.1562803067741395
0.1194802602525906
0.1160380720081437
0.1171425095738237
0.1432899673524111
0.1264817543829811
0.1586366055196184
0.1672984533120091
0.08309937581510632
0.1088011598734054
0.1215804397810508
0.1439173629839507
0.1675929409625423
0.1122795925691271
0.1131255195023127
0.1500581086234086
0.1064385170568991
0.1296204681548643
0.09263825339349302
0.1261610340801618
0.1647531169549523
0.1135737154575147
0.1578890604762768
0.1371094735461359
0.1513857372239099
0.1134423164518946
0.09365760620469549
0.1466036042552526
0.1568111768741946
0.1411104203548282
0.1594378571353813
0.2008635874111129
0.1205897127851856
0.09983288733127679
0.140791595351139
0.1338743221973873
0.1506705109653778
0.06017347637989083
0.09305447755999624
0.1116605511929047
0.06645140913596123
0.1134590447267842
0.1119052006960878
0.1049096502153685
0.1981202530878206
0.1255335239320648
0.1337255813291444
0.1324651853656874
0.1219154063073747
0.1107626095917248
0.1003605890065474
0.09141331094800456
0.1424884374988121
0.1377807740776942
0.1251871470336506
0.1752572893732282
0.1342543415687557
0.1182915688995883
0.1196052928745712
0.1583178721536143
0.1461743213906576
0.1355125874020336
0.1299450933804579
0.1144580159595958
0.07712727261169647
0.1047286467894813
0.09345599268845284
0.1011506158366184
0.1902282245269818
0.1358813003756997
0.1143352683586184
0.1747629220390547
0.1134917136192969
0.1211312270302219
0.1278366535429641
0.0699086722007736
0.1629696743418348
0.1166548399011513
0.135048590576708
0.1617594496126449
0.1356546213561083
0.1603706755635328
0.1294737541095813
0.1659118570677782
0.1814175441866875
0.123067700396805
0.1288114063178026
0.1632273325704311
0.09188157656211818
0.1045339178550916
0.1312220607533237
0.1154861981197891
0.1647026708551192
0.08814139645891422
0.09878915311516126
0.1722551164082633
0.1444061865349454
0.1540448471529463
0.09906436262599391
0.1113132068983495
0.1467800013329353
0.1367676800204526
0.1416369015662881
0.1788681690571526
0.1401493774801036
0.1124832108092329
0.1328949677240346
0.1529530193593316
0.1512753608456999
0.06669027593243171
0.09382827630936121
0.1242419929252234
0.06589826261928655
0.1291183281608884
0.1217949395497155
0.1023125274758478
0.161374185941522
0.1301953748423845
0.1476375410433579
0.1099919499811298
0.1218066892280997
0.1128389601520545
0.1282869606987443
0.09209125301540012
0.1396923822918056
0.1166624632227276
0.1280126478232916
0.1720290955199822
0.09299488906025624
0.1361123383342748
0.1473741089904548
0.1517461164442259
0.1569276481619957
0.1132106670101658
0.09473556033789288
0.1500482228670826
0.1033330453852597
0.111720327228607
0.09329193163053413
0.1176172524511178
0.1573751639836352
0.1360856894747245
0.1153730588029162
0.1158199229938438
0.1431215226531938
0.158377082507243
0.09139952108795227
0.08648581687301293
0.1324188820976845
0.1135824657418009
0.1103348916223987
0.1816109653368849
0.150065091396501
0.1166027251568496
0.129626395800654
0.1215653631943567
0.1709763243030905
0.09983141669402937
0.08577226466756299
0.1521315361943184
0.08728359957443223
0.1008905560070364
0.1124394644666902
0.08430359815917901
0.1838297911609146
0.1140430376293153
0.1268166843452211
0.1320714312090986
0.1193985953972267
0.09648489671384998
0.1267460147840368
0.1142315693140553
0.1320792928041201
0.1195887351870571
0.1722150048288524
0.1782647351118252
0.1162636758674892
0.1116449550361036
0.08601210178429017
0.1406658422401679
0.1547994000071782
0.1024163618153321
0.1071453863841264
0.1377515062320545
0.07101217321885231
0.1336054636774255
0.1027494156989127
0.09972901088348793
0.1538445579066338
0.1038566015266509
0.0941452688362814
0.1154567586419079
0.1320960870267967
0.09574271630372219
0.09555501557055734
0.1209339081899842
0.121766050529666
0.09331104575639049
0.1177525563548874
0.1680639150307639
0.1286416945117624
0.1573751146626508
0.123461982119781
0.1654934099528429
0.1784239427187737
0.1245935872879572
0.1223769524238875
0.1626221325131496
0.0747074725134235
0.1253861012962575
0.06565378760067898
0.1123628099829174
0.180541421940293
0.1260428322403056
0.1076988644371669
0.1202892759638744
0.1007743798007291
0.129192338572081
0.1048391571912039
0.09296704590063945
0.1556937192009814
0.1571724171272126
0.1186640818282704
0.183239857905321
0.1571303965327839
0.1267445774133856
0.1267268642615232
0.1260856588084751
0.1991671997752932
0.1370174095238832
0.1001743349927536
0.1275574744359859
