0.01241721192862597
0.007809386802819127
0.01299451095901293
0.00576996134139876
0.01793414128403351
0.02660189159200861
0.02501476602075067
0.005058049734289954
0.005331764586686867
0.03806779771487614
0.008347720478673156
0.006596185385021115
0.03011743243419956
0.1000457698344022
0.01323388959911714
0.02364254282139475
0.008661958311126516
0.002699480467788523
0.01894304474348014
0.01084591985292253
0.007849895703134496
0.0007317305823121695
0.009490476803636429
0.04656994289794393
0.002596454618664998
0.07696267119203921
0.0264248782346843
0.001603164774008685
0.003951555670504476
0.01240622031307436
0.004583608763441787
0.00617143416393424
0.02898716729010149
0.02434021281659269
0.03221244285970194
0.003593022993293679
0.0427904591923225
0.005036871632224139
0.02266720844334955
0.05403447816300368
0.001144076946422742
0.002203483523553487
0.003243002063980353
0.01598852675602889
0.008164511373560694
0.006436779665305483
0.02714881294287547
0.00212839607764929
0.001614856671621144
0.01369113552457979
0.008068833962217277
0.02321476622000504
0.1052804565215976
0.1040843178368929
0.02777250267663945
0.004942296024348789
0.02214911632173643
0.00862099327232976
0.01897356090211254
0.00413484108805025
0.02304921276829612
0.00724021728995852
0.04632340835858869
0.005387795568421056
0.01026002662721051
0.01060342406208487
0.01310423860356922
0.1466730728416858
0.01420291933967621
0.01768969386107254
0.02473704017014574
0.006766046269359116
0.001625759592182491
0.03492912142546718
0.00158765077537127
0.0215924917696691
0.03086048247592206
0.01132458997243318
0.04187872963878521
0.005684484479525196
0.01069671729610661
0.02257851444977825
0.06856642321382919
0.001033765873912054
0.01323148649829229
0.01555818988173692
0.01321753898839043
0.009408647146761335
0.007889155904860097
0.009771429964718184
0.01541621121094442
0.02819410527843049
0.01336255324503993
0.003087784543425555
0.0384539439234826
0.004376938624383049
0.03043615604847438
0.03677695636208515
0.008003825750242648
0.009904488912630828
0.01981764437403592
0.004539954794100264
0.08306921518241275
0.01432549690712493
0.01166890424972334
0.08206873564824486
0.09284950950503239
0.0009313957427420185
0.01809788188680895
0.00567464773485259
0.004067900665065055
0.004737074417081251
0.006190503510428841
0.006178186925177031
0.01249507723340743
0.02808998560632341
0.007665829596869013
0.00509445112977948
0.04181287126318135
0.06012394556269248
0.00274097712496969
0.05954604002957914
0.005767623619906259
0.008838685906283578
0.07637601941409985
0.006436632526125449
0.001855885630237859
0.005421404063700434
0.01008959649739114
0.007958045327713919
0.01802528469652682
0.0051554534005543
0.004085354989690258
0.05681892244133986
0.01152997204664293
0.02350157996175389
0.004031366381700131
0.001318311174971613
0.003081464691976896
0.00896527909119978
0.007975667799792384
0.006705711737472782
0.03490572639304582
0.04971757462877358
0.002637725323477182
0.01974039112238082
0.01203628202333882
0.01522753934040154
0.02127817052007503
0.008786976870019041
0.006094847999387508
0.01083060758312147
0.007794883158892344
0.04336674744901226
0.0203823658055817
0.007187414549225712
0.02031023217474599
0.09544731673006132
0.004818147160714577
0.006480880209312955
0.0102589526115839
0.002148719322337094
0.02414708282009208
0.06590922796086286
0.01511121173769086
0.03992436049876305
0.01246245692779128
0.003709376753494647
0.002217508813725549
0.1022813764158302
0.02571269889193198
0.004734851603648986
0.0436267068658896
0.02718280361839804
0.001392402949358775
0.0009693566817987347
0.009887715704573887
0.005871636594312733
0.03203508676120524
0.0009865782809609133
0.003603415848666625
0.01629049944516391
0.02632543480486123
0.04847689846981384
0.00148765264994534
0.002829538317522993
0.0318643447224245
0.01043771909201948
0.01624421007670233
0.008630343410359989
0.02719576776599267
0.01185230347090531
0.01331704019602076
0.06196658424408678
0.06844474748458093
0.003856069913349998
0.02323487301369628
0.01535418689004697
0.02713873337165926
0.00528053543456092
0.01792156841788843
0.01157350450706957
0.05280203711611776
0.001090310318592194
0.01660306538178463
0.002077149766705556
0.008797715825752513
0.03179950154302309
0.006304701183941747
0.01579195426137435
0.005272290801008044
0.004389938797502648
0.00163096622838897
0.02182174699571533
0.009650769217972121
0.02495134171009802
0.01294700010270559
0.003473874243765241
0.003505145890960519
0.01523991601927994
0.06158953864754663
0.01689608878910896
0.02128419480357157
0.00526759367131074
0.01599897879386219
0.02476001343497342
0.02309096490825174
0.001530547011133639
0.01842430406487508
0.009214183702437827
0.02722937757066288
0.03604817400500631
0.002553181482471548
0.02313555389359907
0.09407561050747833
0.07458959825172654
0.01269094666475118
0.01366093587524736
0.00989999503387542
0.003497500128574885
0.006170327818351253
0.07505507365107382
0.01500502610313056
0.01261361233340166
0.1036539434936291
0.01264960490030851
0.004035832383470028
0.003995244302029449
0.01757858596309293
0.003908436788232593
0.02681219532794331
0.0009838367648551016
0.04985150332458473
0.02938225316107885
0.002998533249627261
0.02227399440895816
0.0007030796445185293
0.0008593241871274621
0.01378838381165436
0.01364983042149736
0.006201853799831587
0.001332968158072826
0.01646210815407868
0.00598783863289715
0.01133472089782124
0.02361039292782257
0.01616340369943363
0.05373436141414896
0.01763858865534072
0.004148179132823901
0.05458441316358942
0.0113856687262556
0.005260944129331685
0.03673097644904962
0.008233533335608625
0.002333618159166054
0.02548395849520462
0.01455933422024646
0.02249807847600558
0.08086144917660176
0.02111303297620121
0.01320522281232836
0.006073671668511933
0.03984934248340705
0.007602842790982872
0.01918500025291765
0.02568055032609153
0.06045188116540887
0.007596026529009162
0.02572617130256721
0.04057309703426171
0.005742860911477547
0.2130071409981794
0.01026667821822947
0.003440318491457815
0.02050496982729457
0.004909400257565149
0.009116729978975821
0.01971057298014246
0.01009769818395383
0.01661071605012894
0.01265245544390781
0.007358157784580609
0.008993289576649931
0.03054125339358837
0.03003763969115318
0.0197198715555023
0.005138510914224017
0.005264293716849432
0.01385886840487847
0.00901747101084064
0.03586911020109988
0.002021733463282845
0.09068686319440585
0.08209926789952905
0.002915269936779455
0.0148179545752936
0.009446379781949982
0.005863987958332957
0.01619875906546487
0.02510927053685207
0.006680523842213615
0.01434585552800211
0.001223786643163762
0.01287400528072296
0.007446833999033986
0.05163581946249667
0.008587319244056405
0.001211538175648873
0.00640966959853123
0.0121761634531796
0.03670534793556568
0.08957136751920473
0.006888386587046545
0.004227312915229013
0.006341225719472576
0.001097379649356736
0.03567057877235012
0.04556585457942445
0.006319562324888621
0.04857164507922138
0.008909762661817613
0.04146421290045109
0.01438990768373034
0.004306768279042637
0.01380853383724802
0.01864319090297199
0.003650298612489463
0.03350512267935123
0.08555627152015151
0.01570906860650983
0.04230218149127767
0.003188572600377363
0.00345956661395315
0.03718186457976765
0.06041547729811966
0.008221527614239851
0.006405081029492167
0.004469881494265024
0.03158105601816766
0.003320397149107994
0.007715817973962411
0.01736018890373651
0.008942284450025732
0.01263264959575741
0.01075113628235356
0.01737846240980705
0.004858631755085646
0.007341513117432681
0.003960156747371152
0.05115328935020495
0.006620698359255217
0.05139271983240137
0.002926665001218339
0.00535966559588589
0.005723061945485637
0.008663090153183981
0.001844979545711825
0.02710989314216627
0.007564830355240741
0.05136463750375466
0.0150000480220149
0.01502930696703209
0.001652668702319183
0.002065942042859777
0.01035602431876425
0.0298186330646091
0.01391216380194819
0.004162347275651148
0.008693659260762307
0.01016085003337589
0.001721952934042737
0.005971233224296948
0.001104463332660503
0.01939803638395589
0.001736584480851793
0.004550900030563586
0.006906501785492421
0.007273333379007027
0.006823015257932831
0.005385289006117003
0.002080293912333519
0.05712771346625149
0.02783587764574286
0.01331950461035374
0.01689076798395388
0.01253099735682454
0.003460618764410334
0.005689122404536609
0.0117660119969141
0.0240525326049674
0.01201134621257351
0.05087790580014863
0.01817853606248362
0.06449050793703026
0.009700173897502013
0.002103950544075978
0.01265903795922684
0.03680087926107523
0.005106532943911399
0.03560277545751621
0.05293848952343246
0.01138910461427743
0.004240607835121667
0.009884989071357131
0.004111965059051951
0.02038053672603937
0.006531092297911002
0.002101721669840612
0.01396171509561417
0.009664477055542412
0.005481643092167072
0.002390844568169908
0.05614232691625696
0.05397403547623399
0.00581526401682183
0.2153453067932588
0.02232255537062831
0.07667284871889092
0.001798060625354478
0.006237435570488408
0.02256670056783319
0.03949595027446827
0.003728075323996321
0.007972489951837207
0.001185582763216048
0.00517114512603811
0.02175364536976105
0.002310861967110603
0.001848298256756562
0.009566828796090117
0.01770966761932045
0.01308852741257311
0.005854016185186577
0.02258742894944559
0.002635257654751958
0.01888425968772616
0.01848178205745799
0.01930950203116839
0.04495490338606364
0.0304049035058017
0.03619035085421625
0.01050034495894238
0.009853061153558915
0.001878293146793043
0.002541552584591315
0.0139080779461778
0.01198609796430259
0.01187781689022659
0.01019395850703782
0.001808311788760219
0.03038740880399092
0.004305838897069729
0.001108045818816042
0.04428425128076917
0.02221798102054734
0.000716392089927099
0.005282427688276472
0.006688099730045009
0.02129170861200765
0.001099992080017942
0.01620808409319247
0.03656390137769202
0.0429506224388113
0.03537110134282279
0.0104725489377079
0.005707602822370458
0.002262482948528008
0.006974382658966151
0.01141175866683405
0.09981668594331114
0.01249354678293607
0.004559304908843224
0.004467446949994111
0.008552797754611499
0.01558707417763567
0.004454714463519411
0.01038980296548214
0.004488395020210043
0.02900829178520465
0.005591202034929936
0.01455147254918106
0.00608789329268106
0.0156332859557505
0.003774193489908333
0.00820743149947141
0.04011311233926838
0.02046297301885872
0.1495564356330121
0.02100569634640775
0.006442415607847467
0.002144097669790268
0.004915028350066665
0.002621778327998496
0.01190499550023381
0.0009671135311341173
0.07054349794890673
0.01687016156873514
0.01886314601052627
0.009521321725009756
0.006753958721007455
0.005995163193208266
0.04957385910422549
0.02869451678407765
0.007512295862332664
0.01453543794364335
0.01832923392888881
0.04664525932545417
0.01907129265407152
0.007902949881468098
0.015775853909048
0.008322353449928049
0.05399057149069027
0.02434771108299659
0.01034354597923957
0.01446949796960245
0.006545542163393633
0.004324176098819029
0.03194012749289508
0.009653438194557372
0.009382768379850654
0.003721160009999298
0.01249511439080858
0.05145194965571191
0.002547380390513694
0.005647654192941541
0.01094786651200794
0.04205815868589548
0.005967092883991025
0.001472206002076063
0.02982854000222181
0.00138431740215842
0.01645053510492774
0.01732841210429509
0.01984841368337186
0.03659867919367027
0.02071762517338867
0.004146743440188258
0.02733772971667826
0.002867300499332997
0.01255819958870472
0.0101601201489699
0.01190017084287791
0.003848750094868123
0.007353629002961322
0.01530405004146216
0.01675194939377957
0.01368243176007746
0.0005130423295385621
0.002428207100973003
0.01650426120052633
0.03722643565151244
0.009072658558299307
0.007154855506962767
0.03822089371032862
0.008686840068175848
0.00492511050899745
0.04623943266889479
0.0327493494338809
0.02213039761510972
0.01782902151927847
0.01059141329709406
0.04445219491345725
0.01019648118769525
0.008481339446735818
0.02870412013244866
0.004871701303639233
0.01408553485432114
0.03332260960528383
0.006254477022766271
0.007590778708090598
0.008229490638405546
0.05405704018205073
0.01065668944404058
0.003624481506564655
0.08985145973987402
0.00693812654643723
0.007567620603719677
0.009285572797925242
0.01446503927939226
0.01980742142770546
0.08199863905787676
0.06885746416302038
0.007030522334500645
0.07749226584158884
0.03081013686006641
0.003864728970534055
0.002464981771698004
0.02145038025138495
0.009035933026997659
0.01354095664480625
0.02988547398503279
0.01045736189650334
0.01035013845174756
0.02992838285155939
0.1143724131456198
0.002408396748245383
0.02021376269450208
0.004619147188639622
0.009792014426226511
0.05042623721977557
0.007700004639247085
0.002977828533744163
0.04315557524239774
0.06314105545320525
0.01338846755246656
0.0312350002559453
0.01213972710834955
0.04320856499778485
0.02687830656518601
0.005757892126972597
0.009635813529740187
0.002825890200685909
0.01422838773163487
0.02207614484969139
0.0002569479750401945
0.02057092818829869
0.01612001741350905
0.01989305077620354
0.004498311775921011
0.009984861755006819
0.005569665357155672
0.01969510580671473
0.01965945797017821
0.06376268395485171
0.006479831398522097
0.01587440848737455
0.0138617098063445
0.002249623666311359
0.06499350320948119
0.0214180477705517
0.007921455055597645
0.0163757217737233
0.03227422550226958
0.009945237389395773
0.004502005505735477
0.006103675832293267
0.0265479304541431
0.00875867444849952
0.001354862408937358
0.01084595469522442
0.03698945280283115
0.02638353777709758
0.003911731254794621
0.003696997762104369
0.001752845390531197
0.02486528308744127
0.04367449748600086
0.01157728292722558
0.00518050111555738
0.01017286130887785
0.01220991226660675
0.01116656012157619
0.06052308111668935
0.01814158124369768
0.006138106878662502
0.01375776947319576
0.01731243169447919
0.004406844585237471
0.001864778646204375
0.006350132442712611
0.005349112951040964
0.05051219496538663
0.002385070517223987
0.02277902659966338
0.003124556151498494
0.03202136902281217
0.0063300493485901
0.001517516912622432
0.004626088969925618
0.04826691706959543
0.05033996779327771
0.01768153189315242
0.01083995911915828
0.004539419749481565
0.02323573049340298
0.01159314689699539
0.004591023070218849
0.02963993919958146
0.02043652984086106
0.02012141655961614
0.00840742969346168
0.007784076411862645
0.0005997572189630942
0.001262261605057469
0.06736987865884819
0.02845511641556219
0.02341511323187229
0.01443183461165499
0.01606683080976548
0.01927985560121694
0.009084899774362033
0.004208554383434426
0.02771588561340543
0.004972169807271756
0.01783412776363807
0.008103313295560783
0.006223559505039786
0.02557861265860365
0.007909639537850332
0.01722925106859856
0.08423047495042249
0.006848756214570357
0.01025211745074546
0.02956516613850324
0.004064147599933583
0.01339950964201099
0.006663848459629504
0.0008907354550270012
0.005475909315355094
0.00642237892718239
0.003991157656951695
0.004952578262660261
0.03741481940951735
0.01581245519470889
0.002252046406970988
0.005822028767582777
0.01423566124670292
0.004610552446779092
0.02977237067346359
0.01769902102024206
0.004341121349592678
0.05830682589893965
0.02965187676613293
0.005594449119386532
0.05228886188100208
0.0199029842572738
0.01325733869902372
0.01377774733976969
0.01888952195112946
0.003224069484733903
0.008360903037150353
0.005158938193537898
0.04344318138337004
0.03002571499227235
0.03240753366369296
0.01600175357644287
0.01207428933810161
0.0355502464523105
0.03598431702250245
0.01298691978010788
0.002098278515547011
0.01019030295899005
0.006222085530972072
0.03350590506487
0.01707829747564363
0.03137457404090964
0.0004587043764748665
0.02748393993254385
0.04461380508315067
0.02121015059997972
0.009917993447765582
0.02714400108474233
0.01239979360394669
0.1366024869833282
0.02916835525787813
0.001453871733951602
0.04518817269297627
0.01911397747626
0.00266862756070429
0.03720145888096563
0.02775095012846602
0.01040765375589905
0.01474613955144937
0.001289089427484971
0.004173656387147225
0.002224610487562899
0.005135079824087337
0.02543456042117872
0.01994768764523059
0.002210809376195514
0.01556887243139874
0.002394274831822874
0.005993300012621026
0.009689175697346467
0.00211433632286543
0.01898953336139352
0.0007696262787989488
0.00514214754116364
0.007193183797376127
0.01198970645749988
0.005789351827123564
0.008148257062854453
0.0005151397480553482
0.01365500605892536
0.002102689624959788
0.004469823860071572
0.008170734017895424
0.001297267472951393
0.003134040201774527
0.007737467097829802
0.04263982019088873
0.01067021498393882
0.01205723972049476
0.01882592442605683
0.002822634255473054
0.005611631984264185
0.04030269286076984
0.04131683987762339
0.005034886381043655
0.02522594468138769
0.0132090148770374
0.005806260395837442
0.008479295188017526
0.0267656238513491
0.04940322000148444
0.02102479243743521
0.003194378273982869
0.009549545333021252
0.07391295755062204
0.03461200924914158
0.006682638047805234
0.00367573398486877
0.006921295216506839
0.02338191939219651
0.07075152330214288
0.01682431706491549
0.003211382419291523
0.01929925965599802
0.04301144262780987
0.02374043934339588
0.005832632388977056
0.1178501589257167
0.004500459057533567
0.04983659741309712
0.002539077356432565
0.01752689847436814
0.02226700475185819
0.01128159336830238
0.0409419297797529
0.005687249646158974
0.003881728984716155
0.01640736268797207
0.002727621042598094
0.006123988891936515
0.01507784621712234
0.007098832357983874
0.002126515525876944
0.01888900923033777
0.0251214337034293
0.006891850866270592
0.01449498084078547
0.06741017079141395
0.00327917552253087
0.02553957889111236
0.01308489473347606
0.05004326135689732
0.004403393667977812
0.03686757165532874
0.03302653314076191
0.00972319763973423
0.007965483020184745
0.02678562395739282
0.01511315738373561
0.04132519368802066
0.002222032939495862
0.005996446647609104
0.02717349853990223
0.01036667259893066
0.007074266234067063
0.002492178481152486
0.001710945308654326
0.02059615895306745
0.0219860325850555
0.04235029845402025
0.005580410520739617
0.02296179832313471
0.007179311211156289
0.0774011233036488
0.06957879986723806
0.03951926247583711
0.01030151753696468
0.06386418154635862
0.007440829680669338
0.01610171669608526
0.02977058817774305
0.01289955838250529
0.01564616117960869
0.003501865957604349
0.008449499869806837
0.06532817909485325
0.02422912393133791
0.01357592308910492
0.07064183705084012
0.001473984573692217
0.006408924983895246
0.01536434430068163
0.002847801822169173
0.009450874316268639
0.009088024531520805
0.04554821244698595
0.003843965847118221
0.009566451526341273
0.06585047453147347
0.004649220506686043
0.006696613213966497
0.1145248026995129
0.03309616691093098
0.01686575915035302
0.000795093580517866
0.003455999231645746
0.01684617438516121
0.01004274709718076
0.00780709688893459
0.006261066430722518
0.02306463934458333
0.005189536203575499
0.04287023701495903
0.001741357867984628
0.0007301210515113887
0.03300185035820207
0.006160200126330749
0.004607204023953347
0.003367614754147487
0.02153431049645001
0.03376199708813411
0.005792063779331093
0.02884506915813542
0.01236418452974609
0.003658385158166392
0.006838714761434508
0.01219021154958777
0.006454358456039176
0.001321627238202895
0.007205196123486478
0.01037191918402817
0.01703365028086578
0.000985410300358315
0.006905451011449198
0.006781616592216082
0.02733288417782608
0.06107998122728939
0.01399208215804302
0.01720701406342078
0.01270734263701342
0.04488972404504857
0.01132640489501511
0.01437304963695692
0.007893688400211884
0.03501035958506641
0.0008921216750246918
0.008640657434708284
0.005179655809916334
0.0008384616159953532
0.01131168017980078
0.008319972796584672
0.01497852271236033
0.002233663987192829
0.01699841793408836
0.002220132785490507
0.02146981639183945
0.0004012737126588906
0.01216157158007615
0.02093233267269918
0.002232567406261487
0.007961044278821841
0.00562699500242096
0.0002082847561048701
0.01004203737427841
0.009627544536679059
0.0116972414124402
0.0005564851490559603
0.008738876614611922
0.001562270163064704
0.002510480097843811
0.02157563910241551
0.01152803094299656
0.004679522550577886
0.01363482416393975
0.004929824263138457
0.0273607930917622
0.01821248906713565
0.003654298862307195
0.01617898062657138
0.02196020359744602
0.001651044214758332
0.01982166042425506
0.006005050353206357
0.08218101863518892
0.01581524192034306
0.004959100332492195
0.02158913112032325
0.001547849238296648
0.007588759583476279
0.01750543975814486
0.03027555099584061
0.006949948452554346
0.01007721477384488
0.003112258894313943
0.01219591882909427
0.02163373548413314
0.0129742479437015
0.01083244481967634
0.009609360942276091
0.02476417312262694
0.005184158156427339
0.004558016862995286
0.158621067465666
0.02190428490376878
0.01644813272984631
0.02535061290263581
0.02072356717351811
0.008967664617713833
0.004255877761601475
0.007053410364267938
0.001803487744795165
0.02700733107876184
0.07511025399496687
0.01286568366326808
0.002472502061829908
0.002688455929182772
0.05093779168241667
0.008097648141846516
0.01250238771450382
0.01680419588877507
0.008132510398701902
0.006418983072407868
0.006091599989675648
0.04535893262779241
0.002353035874441926
0.02311634832752452
0.0101556987137445
0.05047020269474303
0.006536536919693914
0.004559827138217116
0.003227994704505249
0.008604877025497613
0.03615383081277278
0.002936631031271632
0.01043982575242447
0.04317914817360465
0.2278627187178961
0.01884359720969175
0.004066342462421786
0.0879796773929624
0.007531827858124429
0.003024529729088486
0.01587218149191859
0.008394638147540269
0.02263272838733513
0.0413675412331764
0.006491172624964306
0.0003494182569155565
0.007040347208830023
0.0007170793926446947
0.02191161954578068
0.05917576653358422
0.005033047140768149
0.0434902776195915
0.01153579972456102
0.001158728167858151
0.0750533322581666
0.001412768217073548
0.02157880441143136
0.0385656003935709
0.003148909248079857
0.1123477047067639
0.01026910266673085
0.02123198759674573
0.006909917539794257
0.008926875666962342
0.004753924608496717
0.02960939162688851
0.006779115344241739
0.08236535572031091
0.04238292004302795
0.06689648156701355
0.004669981266484137
0.002309500455217363
0.03868998279754092
0.01771663762333821
0.001747887995459504
0.04248949794152342
0.02323815710044871
0.03326110809851493
0.0127750767110547
0.002787812078407555
0.0009345092863513201
0.007813447544313663
0.01203549119112999
0.05404212990687744
0.008117607132386835
0.01968114209200286
0.1113971435170565
0.003379127076222634
0.1050534364357479
0.01681516956743206
0.01321335742305749
0.003743405886685612
0.003041918032921998
0.009192659120576702
0.003589404905791034
0.004385672959913805
0.008034468621713002
0.04669961207745611
0.01201465830441926
0.005488990050547277
0.05952167464758724
0.001973973627595933
0.008929294065713259
0.002907690944613674
0.00133277778260003
0.03035765158321995
0.02388995629279079
0.01830156775677358
0.0006403055112478802
0.04195865356352969
0.001159559131481608
0.006442764981820842
0.1412821163673536
0.08789458004305545
0.006621446755798036
0.054274865882822
0.0219786190090027
0.01054739728280936
0.001309628008222676
0.01052462253047343
0.0590693646199615
0.01300152520543483
0.007849244507346032
0.01790865012902586
0.004025987947633258
0.005635571413209904
0.01149714988842245
0.001314608098093953
0.0005618518194830579
0.007085498873663792
0.005376999929478835
0.004515998590302331
0.006743882240907361
0.00826314049962882
0.003530077934394203
0.005889477289076043
0.0220011811962923
0.002906992741442804
0.001090704595552627
0.01704972094863877
0.02429873096493694
0.006682612589155247
0.00674170253717353
0.008487136045514423
0.02565662546532269
0.00982795990376624
0.002453514138242708
0.01193364679197582
0.01073071770326256
0.01552660316180915
0.0525646557385259
0.00297937504814673
0.00474263378024449
0.03731558652637749
0.02910780540863094
0.01127364408807378
0.007060652440876447
0.01502331142261847
0.007013273256484848
0.02096491054443882
0.05262956705333133
0.02805104460220146
0.03811717181642819
0.009645017358892252
0.00956493460525736
0.07333653836344414
0.000490457900289151
0.002871958452441931
0.03878343772136252
0.02290376783221243
0.002826322945014006
0.009489677799205226
0.06759597938151837
0.005000607673802871
0.02029565500510171
0.008706531080401234
0.004347146301701389
0.03772291316127442
0.05523085351565152
0.02340100128780701
0.01754721516842731
0.01906051865963884
0.03259337026002015
0.001941214975250392
0.005330899514331305
0.002061003991167774
0.03183272066621275
0.03598208076099919
0.01561672697249128
0.01798373931384411
0.003630426037393357
0.005220495466632768
0.0119366738008884
0.01067822491522899
0.001469447357030507
0.01330128949792799
0.1409160888656963
0.01166800839775587
0.01066039195355818
0.005820080202115966
0.003332942114004415
0.009683513210885192
0.02997033823504046
0.00818094736692814
0.004470341767484002
0.005403786381224964
0.008657309287643924
0.04886228033350379
0.2129853005115106
0.05638943451077946
0.002275923683323194
0.05020378904840197
0.03496231113019106
0.01093386345455333
0.04297060237013513
0.01435787367855603
0.02975075992058627
0.01815997058516181
0.003940714118692901
0.01065507387511206
0.004290736956710133
0.006308640545081808
0.007488965910759435
0.01106348765589032
0.02385626149927442
0.004409672425050219
0.03433538443621514
0.01986344075129838
0.01071413720911174
0.005768635809876418
0.03087729740367428
0.002390356992737216
0.04956531892866164
0.03102951400017165
0.007575551675470808
0.4468826317755944
0.007987765087122503
0.00380521708446211
0.000358401955313361
0.00121934972745491
0.0007219052843198523
0.009975650397971599
0.0004640944560691019
0.002847355402922319
0.002623486004734894
0.01333966198999687
0.01606365349272462
0.01717728845412995
0.00226526985606752
0.002421236694596452
0.004240613211256789
0.005492355299356483
0.0006197507836374655
0.002585583057768196
0.001670555220684222
0.007384602410458888
0.024564896940263
0.01772721398048684
0.02236307542878433
0.01642179919293353
0.02265798914763884
0.1018232333744594
0.004171056735410824
0.003885252436047233
0.004619477407556944
0.01273176119844394
0.003077194803703821
0.01958626791166073
0.009534352668117935
0.00507590221290604
0.01099258687596909
0.002279119803242918
0.01609663693373244
0.007347679003642976
0.05158042288348866
0.0146091112574063
0.01197684831180768
0.04196775948603904
0.01149970457590652
0.02391265046729397
0.03450832062392976
0.02536098945679675
0.008167084584625159
0.02685702174812416
0.007102087013691469
0.01961027672452088
0.00411213116179652
0.0011448271428617
0.06341017445153255
0.06798752235906143
0.0005698120430476559
0.005644892340786223
0.02283937840446875
0.003573848961161003
0.04192854901158495
0.01077630019726864
0.00693793187745813
0.009854454394872146
0.008349651415403149
0.007950956493759338
0.004251808329566354
0.02027696525852448
0.03429477734272316
0.02410891633008224
0.04835516221914148
0.01740997447127691
0.005079175698123661
0.01547140869208146
0.01410680525080869
0.029108311745216
0.03041569421040671
0.003549665587703575
0.03566018310553917
0.03331893820474494
0.001697606397478701
0.0294674761345695
0.01349734202682484
0.01248576416914766
0.02582124650439412
0.01265956058031552
0.006205019425855338
0.0007771261311478364
0.01022672758574652
0.01043324824983546
0.0008264747289924348
0.05116404982532382
0.03665227353995597
0.004299713028138002
0.02182474285756468
0.01974921422262151
0.02102486216218128
0.0244883203375876
0.01305614152745372
0.02276035972746437
0.004153552075702335
0.005932418419884738
0.08716051548404213
0.005302508315277602
0.002019947233696379
0.0118749117449714
0.06526273065585396
0.005136190708567977
0.05843407536729807
0.001423759807939733
0.003973465673063419
0.01783515795996617
0.00280844039619352
0.01440848360953436
0.02462707672531366
0.01238164671632828
0.07522621806692072
0.005627764474958039
0.1234475060704972
0.02728263282863042
0.02253443421814908
0.01105518543791812
0.002000703161746317
0.002848791702854779
0.009041872641970271
0.009086457518508874
0.001125446274949282
0.006307556325561616
0.001264532479135443
0.01841539106778957
0.08871062444459098
0.003123180001279916
0.007051753281537928
0.008684213073328607
0.002509603537571676
0.005008912787559491
0.005236392285528239
0.008628916813085063
0.0108616942457357
0.02975510697114718
0.009369856066254728
0.01281981365645773
0.1326070813354999
0.03265852200017961
0.02361467355580301
0.009762060486313073
0.04009905868520595
0.01528641179082632
0.003502096690959034
0.004910079147799936
0.06967984558625415
0.02930657379693762
0.01861419016726488
0.06658509258340881
0.0202413363654336
0.001981307459880978
0.01623272245361439
0.004287726048592591
0.003545336729201035
0.01777382930660877
0.01297022770815528
0.01761610959879874
0.007398607981549077
0.02123058768678919
0.02207657543796712
0.012340692380952
0.05378365441872725
0.05251541363130684
0.005382201601204879
0.09512880947425319
0.01241598019119937
0.05065649432141913
0.00621697403216012
0.009910643426354412
0.1243159509818229
0.002402937895412181
0.002179682555603222
0.008210010040372652
0.002406665972436127
0.01880881032456324
0.009355794338030046
0.004766977288088855
0.004007986747017366
0.006322989623862262
0.02435906349028218
0.01755334683865723
0.002713552266933732
0.007088408820940681
0.0118345892723538
0.005037730937740422
0.01086142612812718
0.04361676752322845
0.01945253908355771
0.2115340648751053
0.001286260851045524
0.03592717336515518
0.006480649361082403
0.005071149685776567
0.003376336164086362
0.007452355154726012
0.002407065664734437
0.0126881693853917
0.001028165162487544
0.0340272459140103
0.005012417835919769
0.006744413040947814
0.003881422464974344
0.01799810216801863
0.009067891573840999
0.01181399008734315
0.003356183875896412
0.03014707818957028
0.04040605989223987
0.001563976120487149
0.01159894392649839
0.02425501964910226
0.005458221866019002
0.006427055836305128
0.003861585252090793
0.02486545002603879
0.003970461490873057
0.01009397076827292
0.0364687916643169
0.00882509364558876
0.03703040374727182
0.01930555552731257
0.05359015119087585
0.03794929030754991
0.009894622794932778
0.007477336741596787
0.04301838234475335
0.04775401447725889
0.008060732883860411
0.02543317939687229
0.003481419748165957
0.1003138968940118
0.01189417725574046
0.02369030970157145
0.01010708551919653
0.01982852578156654
0.004443061654512724
0.01721653612182069
0.02056895020694277
0.03192673323063624
0.001332877135621404
0.003768123963768714
0.005569030699816538
0.01664254650924204
0.001258667399735668
0.001563843248314217
0.003124089646099782
0.02961022220420383
0.01380398336576429
0.0257113255081729
0.0008334146706825208
0.005797535240127862
0.007053481214703524
0.03332438889755387
0.0007984510838268573
0.003129136269795987
0.06083692397895646
0.005313654667960673
0.01882563073583043
0.00667309819425697
0.003583890014555024
0.09014671970717514
0.03442997744683385
0.0009205786473816194
0.002578524396686253
0.006298582413875681
0.0006127396246486933
0.009222766415338087
0.0002091208617617955
0.002969876005390102
0.007386680658666251
0.009508527162475813
0.01716713483096595
0.0006477754202246213
0.009606323792347892
0.008728062010011885
0.0222728985034882
0.003282041015239041
0.003371056145795488
0.02339708221234138
0.001089514761391859
0.01940274507757618
0.08596572113099885
0.03255389068016868
0.006733414808184036
0.07321851392242792
0.02505428816944467
0.001595184157102068
0.007747024372178797
0.02547122854483824
0.03976084968527402
0.01954191930722667
0.0008688801949255191
0.008497080184928932
0.01960747525831619
0.02100480911631651
0.01657102048394802
0.01157679862130191
0.00123113376581312
0.03281251476965056
0.01368263829243734
0.008457820378497977
0.006886920135322416
0.08132479858386461
0.01187890836492123
0.02162578312538246
0.05454762535575356
0.01033895919021032
0.01132028429534433
0.009551844979124532
0.010312799176679
0.1034468916993558
0.002688665947811488
0.01109282340451142
0.03620610666498343
0.04714463270884499
0.001459067253836419
0.007901555618896581
0.04049086969538281
0.01450034044048059
0.03774883326731411
0.0113923442858594
0.005803878301552707
0.006661540665963741
0.02288846930444478
0.02757110336612675
0.006642988619919144
0.006982880062569465
0.02001893079198212
0.003663130860811162
0.06063138337617039
0.004223622967757273
0.02016825886791186
0.02528619359602781
0.04471260192623598
0.0366481750820639
0.008616441071007591
0.003556121178647329
0.005865699867751188
0.01020788601746152
0.003589612122533402
0.008251001558549933
0.01039794832205239
0.03730518449644517
0.01330374553749697
0.01079346249743918
0.02704466272493247
0.01758100778581231
0.005290422516813208
0.1026249767659243
0.003674548534367455
0.01200787976996019
0.009069160238572235
0.009228034294968308
0.04038674294642293
0.0102897476638959
0.001561873363490236
0.03515411577619747
0.003437513786123939
0.003100345963297003
0.03167660375673137
0.01708092447731873
0.02158517935843927
0.0070808076956866
0.04219734183911093
0.006095593926386442
0.02602750503493996
0.0057189232411593
0.05578873170965979
0.008765144239118278
0.003241435344024419
0.009505584001907569
0.07737556988966174
0.01920379882840451
0.005266036338755168
0.01633385800855582
0.004877600858166102
0.003419877758124338
0.06376370006292337
0.04613905276012952
0.001739615901979954
0.009221161716390053
0.06265054522188759
0.01167722582105748
0.001095138150298198
0.002677554935017035
0.04881308027488055
0.08003134992796387
0.005763566080110224
0.01655470580503998
0.007242086067637507
0.04984711742054022
0.07216644255685974
0.0001817930426378065
0.002724467016139963
0.06079153899796765
0.02078508954357312
0.002800171090139304
0.0007149940166523685
0.02187337955503966
0.006731728496653852
0.01555107481594972
0.007541260524269471
0.01288327643025647
0.01949291517997854
0.05458883203822613
0.01017645657495389
0.007353760896456954
0.00181124582610092
0.002549032204888756
0.02277312605387535
0.01721987207748187
0.0004960409430746264
0.02800329344084328
0.03157133776991493
0.01437791718680287
0.02059836925488303
0.006924896109253792
0.002054805237460515
0.003471749608126521
0.01117700590651951
0.0316396122497512
0.004883268745336697
0.004213727066177614
0.0266450965590769
0.01022134143322138
0.02867847408873315
0.04694094656631499
0.002575234756810921
0.00823119385554846
0.01330044746847811
0.005189404334759258
0.005433962437211761
0.003767995687660695
0.03724178308505631
0.008064357634194597
0.003524119130283909
0.05763481033878545
0.0217377162274369
0.0268773112870763
0.005263807275111479
0.004235452297668712
0.004181796101591325
0.008988143255243889
0.01772429458717443
0.005526968414389755
0.002117607692427671
0.001004641595477184
0.008454450162611508
0.0105586290206023
0.06616898717421457
0.01749329715424042
0.02370034953299549
0.02937572641797423
0.002989427020967036
0.01354176686393652
0.004934351167503533
0.03242101700091189
0.1077378640440216
0.01305492138088629
0.002227881069287434
0.03109466397144747
0.02032844518388688
0.02353530137319148
0.02692813527294953
0.001630939145481461
0.00631448580530468
0.02265774621891567
0.01978139460728947
0.002162557443816797
0.005021120445197329
0.004215323324864791
0.03890758691053632
0.004660531328591601
0.1335579798907964
0.08892185240856289
0.01077424439349491
0.02646400970747214
0.007884976319926974
0.01505612096267004
0.02584539023845324
0.0190243511540683
0.07590265304483508
0.02497538680787519
0.003198754058240707
0.01253970230429752
0.03873669929010458
0.005963502303995781
0.04625137592879429
0.007791408503478266
0.005019501433066799
0.01842259550369845
0.03991787533257218
0.009922059590235966
0.02357087783136079
0.006159905960462123
0.01120350476773837
0.03098680447945694
0.00134104752783848
0.003112744524085565
0.004567279538647102
0.01094096011118603
0.004634321467468637
0.09953802353189117
0.004301580189017122
0.003254184014199935
0.03368183019662483
0.01917466782466817
0.002334012037731543
0.003857065672036583
0.02606687560067465
0.0222770880553203
0.00397690374535333
0.005122034022105465
0.00135572227307749
0.006706786363397159
0.03244027579247784
0.006762491684030475
0.0748626094500206
0.008809298885274071
0.01769566739828869
0.005251476143400052
0.01103776098081371
0.00611970905530657
0.03174954253046051
0.0601791784346488
0.02216943765149584
0.0134934517815179
0.001848679925257566
0.007772519414160591
0.01211616486767381
0.022086338603794
0.001886343411883796
0.02430137737237971
0.009393895929644864
0.005054242672645476
0.009224215768882505
0.003737406442212776
0.002280591991281284
0.02118068381656806
0.006197293926497509
0.03604085548395789
0.002861377338528804
0.06260165759773345
0.008738921851612177
0.002107653960247999
0.01145093184491949
0.001744088554348827
0.009430175903545437
0.05470580853320321
0.08111188362631301
0.01826772377307955
0.008477036156369414
0.005214074077482587
0.008332732489377903
0.004094812333677153
0.0006743095388315713
0.0177014047355148
0.006167050217351219
0.01142794773277596
0.008355110072474218
0.0004493812822406316
0.002017094926874886
0.00689018112012023
0.08362356368252272
0.004319170329783994
0.006250319105417385
0.04381422998640799
0.08820915663812905
0.002480869101126375
0.001778931303961169
0.03569254175116131
0.02055637973403859
0.04093093066265692
0.0188741680909947
0.02299703064671086
0.003676704456465675
0.01012127643974458
0.0401680143504322
0.008574654957662482
0.01287191191974694
0.01032055007445176
0.009085334514802004
0.008357425858370203
0.04547196118740672
0.002671725211187402
0.009584203041979619
0.01564089428082546
0.03499927092131151
0.007252208227452641
0.002225368414715222
0.008277249260840011
0.007378825908534441
0.0187490178149058
0.02968684929859052
0.06409670720396268
0.01833165895291893
0.03160441328084383
0.005040560704960601
0.002378222557028263
0.005059706878572096
0.01092334285372141
0.01507459930332145
0.04478146858045815
0.001584136294772406
0.02744900221290075
0.01712440975030904
0.00515572174506818
0.004021229274816723
0.008367907699945656
0.001815924863349476
0.03988806106158908
0.006208925452876397
0.02514915917538498
0.02565447604041891
0.02606408762203712
0.005300584405541598
0.01572672551043809
0.01009868918531992
0.01540683587024397
0.009157396964889437
0.05075373585347596
0.008141122966923459
0.006731691111789249
0.004339999724135792
0.02395004116355922
0.03873146493173572
0.01530830393315966
0.005021424336262599
0.03288527252917225
0.01182134393762016
0.002962733156399792
0.05264450511394107
0.00799989207440999
0.000728333336817596
0.008143396350073433
0.05456339829493417
0.02237623210597301
0.007425564467023624
0.03805921099465682
0.0151968936678743
0.01475691043347372
0.007496786732392513
0.06210890798910461
0.01147406443584284
0.04922066013656273
0.06335383256580399
0.03686181941412055
0.01077299249773524
0.007173985294767628
0.03568374192977469
0.09745657983840243
0.0173222079078992
0.01247232502212545
0.01242815078995378
0.01681655524533588
0.01926812438986646
0.001915467896646469
0.003591955439002495
0.002272142930172437
0.0745939755379634
0.00588353313571733
0.003939757384133105
0.004223236009384954
0.04608721104735222
0.008729953065230599
0.03433801440265006
0.0272476262572027
0.006033156432851542
0.03524229356217826
0.005319304278002587
0.008892612279951764
0.0008191044578915825
0.004478241505867867
0.00816858312234788
0.007190065483304896
0.0003811991986545059
0.002427204395889478
0.02427787390604901
0.002594123428960113
0.005503941847142013
0.005766198411650375
0.006874704210712511
0.009104780817155291
0.0287527531720385
0.02471741072816468
0.003865322389009824
0.003769423775372225
0.01588639022782228
0.01632661304981018
0.0270510633362639
0.1340124067246211
0.01888764006777147
0.02495728641938571
0.02039135722847685
0.02566187798710158
0.001922889731507763
0.005702764029367023
0.05007844809239762
0.001793696919979543
0.002279865354088934
0.03524339070098365
0.01884608396515981
0.01504950793870905
0.02141532085740393
0.006248913996424992
0.004819090868481998
0.06144861781712581
0.003181678483212556
0.01466877792572445
0.05385779365830061
0.02425351367388934
0.0190605646180106
0.00303170788281001
0.007126106548200999
0.06905264070263037
0.01390578838685001
0.001953498839200638
0.003765710572974638
0.04569241006231692
0.001533035035053133
0.004976839256981834
0.04980541870216668
0.08669683762220767
0.04537529515662245
0.006234814737336001
0.02910918872993393
0.02069645431216122
0.007121815074285391
0.001320240157908628
0.002169728124563692
0.01213300057037037
0.01213191206951185
0.0106504869959032
0.004063905571305051
0.1161086242503373
0.005863322803565013
0.002986789889977009
0.1012190264843125
0.01012069565169614
0.001172162128357068
0.04393380190247242
0.01647351966438174
0.005395468924011362
0.007107950283753271
0.008368084837978124
0.005902590734200928
0.03791699406102073
0.05171086455667351
0.05449882339657833
0.06240628494484159
0.01135403903123029
0.04657856872045162
0.002164040745618593
0.006427943508860223
0.005414413143627957
0.01801459640422979
0.03185903292078948
0.005649224614070335
0.002393821890468494
0.004820032354076652
0.1633682701558825
0.009437737570974705
0.04401412958437622
0.007880856857981329
0.02232441134099999
0.004814791276211228
0.03389766409586244
0.005460155302717355
0.001033399272483058
0.01924544863790886
0.01032405559167338
0.00146875639523606
0.02050979392792648
0.03874026352494842
0.009900766378479725
0.05165799727530934
0.04973486729479357
0.02325979239951455
0.005152009177501702
0.02044055688967205
0.009254701850161213
0.03745058509903284
0.02364155629952879
0.0110197556366421
0.005008949827491346
0.003243130429565869
0.004771816467913372
0.002779002779918113
0.1002418805720135
0.0309632981186274
0.004431257333690175
0.003009476706815806
0.01895936374122325
0.0463074212174336
0.02174183635784563
0.0007454397541982851
0.01072706839356038
0.01068826560290039
0.002392321051945278
0.001103478553539019
0.003479384536459803
0.04604646473133479
0.004622737920162137
0.06751515477544918
0.03282947978087987
0.02972926681103236
0.01600898794281267
0.0190416769488427
0.002458062611903182
0.01224808739461971
0.01455144051283977
0.01320089694710814
0.07595306544135368
0.009247426555556109
0.007658861239651345
0.01112178672298927
0.05190123381021118
0.008617107766508718
0.007185946898816725
0.002247132900754743
0.01027951505299318
0.006536150642208166
0.03213320884721746
0.006315063238410414
0.009001348346382273
0.009384271684803313
0.02236790584273373
0.0276218003912787
0.02376824627828703
0.002594493647114551
0.002062438035671517
0.007277422246904541
0.0003882095600855675
0.01014086794297639
0.006571317271055822
0.002590029133321476
0.01072416108336833
0.01516511838022353
0.003519429423560642
0.0004910311114759159
0.01367431580546622
0.002851775976278798
0.003448488694614381
0.001804865495561694
0.001133818621502809
0.04356742896701749
0.008216077951820767
0.01155803140549981
0.002119134668125499
0.002249526455340501
0.04041420396863044
0.002171001746651979
0.005060701841539867
0.001739355498729091
0.03004376390504231
0.001734211296800122
0.0254465057760009
0.02983717874573392
0.007056347634358503
0.02211609430770715
0.03163142751900107
0.03110107769043275
0.01516800981130754
0.001057754824656236
0.003280860425394389
0.01948311475663176
0.01400318728081626
0.003021089565877718
0.01115987244478366
0.0007586171283136722
0.02212511271503119
0.03232312254524159
0.002306907733595025
0.0009265675779729664
0.00403800266446048
0.02139124471989459
0.02126918665298666
0.0128281405327236
0.04748600827362126
0.01448517767288527
0.03462260649807962
0.006121807261777533
0.09426492003359863
0.02358534372899056
0.009389148603989182
0.001398187335816406
0.01522379056729025
0.01838437400035109
0.01232660647545985
0.03554154854559343
0.01317817004402474
0.009935881605459279
0.03220598977116857
0.03414335190298695
0.02125168343893552
0.01209134730086087
0.0106289114263792
0.01984443265507675
0.001239769942271478
0.01979834255499656
0.01044640229235489
0.004625880662894121
0.008341369729898797
0.01765635806074923
0.00705494622826692
0.1035053699977677
0.02581893180505742
0.003911491680604078
0.04122436634100508
0.01553993355212895
0.005928817614409354
0.01629315949495558
0.009463490215199422
0.006598043787950117
0.03393212652210857
0.009696450159677263
0.01308978316269253
0.01472352941183664
0.04348619148051976
0.01173035735919579
0.00100925952275605
0.02679356800295518
0.01147541879513359
0.1004102285347612
0.009581358187298526
0.003863865161466023
0.0906390151948569
0.009876545575169033
0.003921794927675441
0.01848187958804149
0.01449886524908234
0.03259917198057978
0.02459692632628327
0.01075627114669263
0.007963489208048758
0.00987876780265223
0.004902361275839128
0.03403090510520324
0.04365543266111195
0.0006302397758671746
0.02182497764513737
0.007041172228861985
0.004572790467256293
0.05065889431856543
0.008050352072082873
0.02075391226223233
0.01508258750242652
0.0442334170563279
0.007205639309562649
0.00344681936029054
0.04650333799515034
0.005678677003801375
0.01120335326250758
0.01603489872612393
0.03492907352512881
0.02010048819303796
0.07728605893614969
0.02934167544985269
0.0344036127125556
0.007271666771665533
0.004167574894510345
0.01565455326118144
0.02818897600609109
0.00287412634180442
0.1836114837140973
0.04070161550398255
0.03281895307083006
0.01074232375610615
0.00280375684709434
0.0004847593612527837
0.02266055692561767
0.006454596955718805
0.00267448872910205
0.003746638715554266
0.00882427666585101
0.01256550253365369
0.004023211772595617
0.03777706047901754
0.08202488759751242
0.005761818625363084
0.007631439074200583
0.03105178037179034
0.01239374619459008
0.004393589157078114
0.009990309472986581
0.01980413432890776
0.005947385414099214
0.002737139582431096
0.01078743373228772
0.004352000713893393
0.005130794189961621
0.01657070441439147
0.000949209186683912
0.01428702022268114
0.009393811071536745
0.02470185784816936
0.007913713722066056
0.002229182681451562
0.01146266916574591
0.02620832122056584
