1	0.07208794417690735	2	1
1	0.1141784892765378	18	1
1	0.1323906633294153	4	1
1	0.1303440817350874	3	0
1	0.1548233081181048	12	0
1	0.137049213316071	14	0
1	0.1442093567565145	3	1
1	0.1281908539892695	4	0
1	0.1496107395870639	14	0
1	0.1085139434594424	1	0
1	0.1322865811115139	11	0
1	0.11208285337077	4	1
1	0.1152625717364466	3	1
1	0.1108789520347055	13	0
1	0.1281080619501716	13	0
1	0.174827309754059	16	1
1	0.1336373136662673	10	0
1	0.1474172851401395	3	0
1	0.1098032542744908	20	1
1	0.1369597542599247	7	0
1	0.1751268700124633	14	0
1	0.1356698136196834	6	0
1	0.1351724345138078	12	0
1	0.1428234055149536	0	0
1	0.08056967443746749	2	1
1	0.1058185237014936	18	1
1	0.1199261804495774	4	1
1	0.1017851384905392	3	0
1	0.2015199329215514	12	0
1	0.1459724182895405	14	0
1	0.1372515320297066	3	1
1	0.1244875180938443	4	0
1	0.1013892708394273	14	0
1	0.1055549413710491	1	0
1	0.1244603724733788	11	0
1	0.1093587526226393	4	1
1	0.1261927579568568	3	1
1	0.1190917854585221	13	0
1	0.1107315426213919	13	0
1	0.1401065818998274	16	1
1	0.1271255602984523	10	0
1	0.141832906971339	3	0
1	0.1455538985844758	20	1
1	0.1801196904768279	7	0
1	0.1413346014734005	14	0
1	0.1020279488707595	6	0
1	0.08204932839669042	12	0
1	0.1469523983189674	0	0
1	0.07987287190427753	2	1
1	0.1360300322539822	18	1
1	0.1166713288486493	4	1
1	0.09750587230370711	3	0
1	0.1433036627469879	12	0
1	0.1038030961028	14	0
1	0.1225792766439122	3	1
1	0.1177514720579319	4	0
1	0.1014658979173473	14	0
1	0.1230241528979539	1	0
1	0.1139690941312734	11	0
1	0.1034343342685934	4	1
1	0.1346078645870178	3	1
1	0.1352184564603732	13	0
1	0.1211915644892665	13	0
1	0.1714930279750908	16	1
1	0.1167689178033393	10	0
1	0.1287539650957298	3	0
1	0.1395075156852583	20	1
1	0.09587863530301999	7	0
1	0.1474895839156273	14	0
1	0.09144463844601396	6	0
1	0.1020825542016732	12	0
1	0.1535079478936148	0	0
1	0.1035638566934689	2	1
1	0.1037618204257635	18	1
1	0.1398332140040732	4	1
1	0.06847804511038823	3	0
1	0.1804105200288425	12	0
1	0.1490086341848322	14	0
1	0.1102122035566671	3	1
1	0.1152062680083828	4	0
1	0.139325312513057	14	0
1	0.1295158865045848	1	0
1	0.09760589314469223	11	0
1	0.1053315639762605	4	1
1	0.1375135677119784	3	1
1	0.1278853388160583	13	0
1	0.1095631813895466	13	0
1	0.1903310231847333	16	1
1	0.1455938254048119	10	0
1	0.09730016060306013	3	0
1	0.1344993629690161	20	1
1	0.1359010995053619	7	0
1	0.1353264707762224	14	0
1	0.1124312375541234	6	0
1	0.08508830264574235	12	0
1	0.1401141613016346	0	0
1	0.07404479568010892	2	1
1	0.1161685613981685	18	1
1	0.1243006593924874	4	1
1	0.1153760421626337	3	0
1	0.1616636769929891	12	0
1	0.1128012688168256	14	0
1	0.1032708558297369	3	1
1	0.1008714296833878	4	0
1	0.1297580452323034	14	0
1	0.09895168774938728	1	0
1	0.07493493258017336	11	0
1	0.1292938703832832	4	1
1	0.1209617830033608	3	1
1	0.149298069050384	13	0
1	0.1496627178520132	13	0
1	0.1916647978703506	16	1
1	0.1710326819240087	10	0
1	0.1368318711448913	3	0
1	0.08302327165253756	20	1
1	0.1445696469900361	7	0
1	0.1422592279411307	14	0
1	0.09287227104103887	6	0
1	0.07448725965563169	12	0
1	0.1292528067586422	0	0
1	0.1052256017243629	2	1
1	0.1113491827263254	18	1
1	0.1066883315178841	4	1
1	0.09051905643459993	3	0
1	0.134643030542291	12	0
1	0.1246323088538255	14	0
1	0.1440987657895148	3	1
1	0.1488600327993093	4	0
1	0.1233221867471519	14	0
1	0.1261178330519435	1	0
1	0.1386771737109483	11	0
1	0.08670897655060725	4	1
1	0.1479766903848472	3	1
1	0.1113796851843921	13	0
1	0.1521159981827672	13	0
1	0.225727667941025	16	1
1	0.1689688621359828	10	0
1	0.1480822395576299	3	0
1	0.1473414581254451	20	1
1	0.1678108566799319	7	0
1	0.1648858531155429	14	0
1	0.073798290298703	6	0
1	0.0869363631432252	12	0
1	0.1259493663001704	0	0
1	0.1104023316765726	2	1
1	0.1089133036977539	18	1
1	0.126710529387123	4	1
1	0.1197954721189212	3	0
1	0.1695830336087744	12	0
1	0.1195582041187273	14	0
1	0.1560526360708434	3	1
1	0.1150291876977406	4	0
1	0.1526557925620408	14	0
1	0.09097815715757905	1	0
1	0.1149046029853589	11	0
1	0.08005981274405177	4	1
1	0.1389507529719612	3	1
1	0.1053336417998293	13	0
1	0.1626688958299906	13	0
1	0.1856584688381664	16	1
1	0.1245548228696526	10	0
1	0.1418769627504519	3	0
1	0.1102428990450197	20	1
1	0.09709529778783269	7	0
1	0.1712505851769121	14	0
1	0.06884483302843253	6	0
1	0.1118538034715778	12	0
1	0.1358544371019931	0	0
1	0.09871543982795127	2	1
1	0.1108254236220964	18	1
1	0.1049088781544069	4	1
1	0.08407190569447816	3	0
1	0.1567056756597745	12	0
1	0.08649711679832656	14	0
1	0.1469662846861538	3	1
1	0.1469521619112397	4	0
1	0.1278371749172685	14	0
1	0.1377675278041963	1	0
1	0.09848677225152755	11	0
1	0.1148477557026368	4	1
1	0.1513557900431934	3	1
1	0.1263219369936302	13	0
1	0.1308484514215078	13	0
1	0.2039508096145742	16	1
1	0.1322634225835148	10	0
1	0.1132492098784436	3	0
1	0.1173205378051646	20	1
1	0.1525362154661682	7	0
1	0.1036494085355078	14	0
1	0.1005173326161676	6	0
1	0.1257693946207969	12	0
1	0.1463879220699909	0	0
1	0.1088971880725961	2	1
1	0.1056585400457836	18	1
1	0.1113797056982508	4	1
1	0.1297823093298805	3	0
1	0.1581101044227379	12	0
1	0.1283448223383029	14	0
1	0.1275156258395088	3	1
1	0.1034418107233505	4	0
1	0.1268470511572993	14	0
1	0.1232744539595233	1	0
1	0.10087703658746	11	0
1	0.109312194357574	4	1
1	0.1353556387174632	3	1
1	0.1410051010639685	13	0
1	0.1443004158657786	13	0
1	0.1769542525877834	16	1
1	0.1181153961848435	10	0
1	0.1244177127951561	3	0
1	0.1451355322813435	20	1
1	0.136815148288363	7	0
1	0.1997948622422389	14	0
1	0.09514130637301585	6	0
1	0.1234124810055304	12	0
1	0.1275902338193828	0	0
1	0.07761554974230206	2	1
1	0.1287064590525749	18	1
1	0.1352178164977948	4	1
1	0.07322739618910531	3	0
1	0.1207200416542328	12	0
1	0.1180759092690693	14	0
1	0.1358194592129663	3	1
1	0.1269628334521407	4	0
1	0.1399556638457552	14	0
1	0.09226661532157582	1	0
1	0.1086548933936894	11	0
1	0.1007882992653632	4	1
1	0.1369968054521584	3	1
1	0.1306028188507495	13	0
1	0.1246340878905007	13	0
1	0.174345667323693	16	1
1	0.1498697528270443	10	0
1	0.09926126060386831	3	0
1	0.1195303353227023	20	1
1	0.1142846347906675	7	0
1	0.1528981644370236	14	0
1	0.1029885609459672	6	0
1	0.1206723487579356	12	0
1	0.1456704147520606	0	0
1	0.09614437364394833	2	1
1	0.05941724952253091	18	1
1	0.09961340153639162	4	1
1	0.1151509825434634	3	0
1	0.1631000246917899	12	0
1	0.1007962685092692	14	0
1	0.1486477241982487	3	1
1	0.1021623388423642	4	0
1	0.1032079970717872	14	0
1	0.1017185985755015	1	0
1	0.1102794579972137	11	0
1	0.1345279915425543	4	1
1	0.1016547536208811	3	1
1	0.1122243308239066	13	0
1	0.1624756488594703	13	0
1	0.1471470483897367	16	1
1	0.1404652357759739	10	0
1	0.1240902240460307	3	0
1	0.08108950705158394	20	1
1	0.1427600157472582	7	0
1	0.1456336802097898	14	0
1	0.1025098791872209	6	0
1	0.1116735401113207	12	0
1	0.1309610289425749	0	0
1	0.08577919833105892	2	1
1	0.1207357889116906	18	1
1	0.1202433965708463	4	1
1	0.06923691074385359	3	0
1	0.184132974506813	12	0
1	0.1237137813952134	14	0
1	0.07053678140658007	3	1
1	0.1148845097473921	4	0
1	0.1067528236023461	14	0
1	0.09948632077967179	1	0
1	0.1158827915780479	11	0
1	0.1009064650053397	4	1
1	0.1124025986585976	3	1
1	0.1081562090816368	13	0
1	0.1205047533852588	13	0
1	0.1257467726375515	16	1
1	0.1080295185384019	10	0
1	0.09563833128973129	3	0
1	0.1065453609889748	20	1
1	0.1223389306392125	7	0
1	0.1724474876882618	14	0
1	0.07966517218642299	6	0
1	0.09790650731215343	12	0
1	0.1287261354146572	0	0
1	0.08126601041895534	2	1
1	0.1150488536864218	18	1
1	0.0890236108881261	4	1
1	0.1092236110742154	3	0
1	0.1528961659051257	12	0
1	0.1207162011511604	14	0
1	0.130715593473572	3	1
1	0.1273069089623295	4	0
1	0.1432621190495598	14	0
1	0.1206329680448082	1	0
1	0.119431841874396	11	0
1	0.1044151803743081	4	1
1	0.1168478705363113	3	1
1	0.1181394935215689	13	0
1	0.1405967687509111	13	0
1	0.1610592716219194	16	1
1	0.09101715781812653	10	0
1	0.07617887000233864	3	0
1	0.1143956646473507	20	1
1	0.1597349361375171	7	0
1	0.152790001395461	14	0
1	0.08441066081237338	6	0
1	0.113718159658253	12	0
1	0.153541060454781	0	0
1	0.1036267423881304	2	1
1	0.1267414951693146	18	1
1	0.08768584957866067	4	1
1	0.09023672409673385	3	0
1	0.1436250323712443	12	0
1	0.1188756293897419	14	0
1	0.1298687363285574	3	1
1	0.08804997195479536	4	0
1	0.1042701198494878	14	0
1	0.1302382168073184	1	0
1	0.09681041605894439	11	0
1	0.1171775554525473	4	1
1	0.129487093425686	3	1
1	0.144729681219242	13	0
1	0.110100328506097	13	0
1	0.215605116250574	16	1
1	0.1218948058649856	10	0
1	0.1304774666004318	3	0
1	0.142725452715972	20	1
1	0.1331030499803512	7	0
1	0.1123106869569936	14	0
1	0.1032759856106758	6	0
1	0.1217441013949212	12	0
1	0.1500649126369332	0	0
1	0.09418267722721924	2	1
1	0.1189628230049657	18	1
1	0.09315825177467722	4	1
1	0.1080882954343926	3	0
1	0.136386001684953	12	0
1	0.1121688060005285	14	0
1	0.09793363007684609	3	1
1	0.1083553594126213	4	0
1	0.1398649633818007	14	0
1	0.1240911109428466	1	0
1	0.1114511084668549	11	0
1	0.1064354221643353	4	1
1	0.1015641855135378	3	1
1	0.09259380501320086	13	0
1	0.1404223434353819	13	0
1	0.1878460080404196	16	1
1	0.128214191528094	10	0
1	0.1130135647645631	3	0
1	0.1078439571050161	20	1
1	0.1069116105960224	7	0
1	0.1447827532315388	14	0
1	0.1010493139387216	6	0
1	0.08770726223326934	12	0
1	0.1427713515928719	0	0
1	0.06199047792733593	2	1
1	0.1332932811782408	18	1
1	0.1242892835607311	4	1
1	0.06529549725863815	3	0
1	0.1831779252779567	12	0
1	0.1171081296127102	14	0
1	0.1342259246490557	3	1
1	0.1105892516841745	4	0
1	0.09392023079568371	14	0
1	0.1155329631298897	1	0
1	0.1142422114424856	11	0
1	0.1119163747406209	4	1
1	0.120564369125276	3	1
1	0.1331128786082231	13	0
1	0.1534335962172619	13	0
1	0.2093314567603788	16	1
1	0.1027683032834324	10	0
1	0.1194616172481876	3	0
1	0.06274133782501003	20	1
1	0.1440950636065177	7	0
1	0.1267081691273877	14	0
1	0.1166311570306509	6	0
1	0.09846114062575213	12	0
1	0.1658807925215278	0	0
1	0.09256340173255417	2	1
1	0.1401042958410829	18	1
1	0.1017246852735068	4	1
1	0.08781124146193775	3	0
1	0.2130379694150134	12	0
1	0.1271767493571122	14	0
1	0.1281226547252707	3	1
1	0.153228224727237	4	0
1	0.1536096061769935	14	0
1	0.1338788122448432	1	0
1	0.1095866783059704	11	0
1	0.1043023632590562	4	1
1	0.1228761262652874	3	1
1	0.1149364398120205	13	0
1	0.1516627261269347	13	0
1	0.1887896820569773	16	1
1	0.1116063188715326	10	0
1	0.1342649351225421	3	0
1	0.117276119457805	20	1
1	0.1178441892372641	7	0
1	0.1364390944989601	14	0
1	0.08837599320474704	6	0
1	0.1277218951236255	12	0
1	0.1504974663002767	0	0
1	0.1006587964352144	2	1
1	0.1384448220194539	18	1
1	0.1164473952773908	4	1
1	0.11475871447389	3	0
1	0.1821766413226306	12	0
1	0.1019191560448277	14	0
1	0.1065249933063588	3	1
1	0.12877583206072	4	0
1	0.1328087036373938	14	0
1	0.1517145780117715	1	0
1	0.1365626235145095	11	0
1	0.1026159379041447	4	1
1	0.1399613004494258	3	1
1	0.1236643043579796	13	0
1	0.1264089339975484	13	0
1	0.1716913560597329	16	1
1	0.1632518449193914	10	0
1	0.1499318436409844	3	0
1	0.1165931021760438	20	1
1	0.1772905170445657	7	0
1	0.1831694284296572	14	0
1	0.09437882465421939	6	0
1	0.09299746266244929	12	0
1	0.1490027295875261	0	0
1	0.1189884838476464	2	1
1	0.1072961730649136	18	1
1	0.08896863617147679	4	1
1	0.08763822841568976	3	0
1	0.1386046282854971	12	0
1	0.1049646084214728	14	0
1	0.121044759017625	3	1
1	0.1303101898524419	4	0
1	0.1069119055639312	14	0
1	0.09536342640514875	1	0
1	0.08252522670195296	11	0
1	0.08134227052749875	4	1
1	0.1412659749758058	3	1
1	0.1336587135925254	13	0
1	0.1365898346334105	13	0
1	0.1784552244037377	16	1
1	0.1444679032236076	10	0
1	0.1516882023330013	3	0
1	0.1230326119607595	20	1
1	0.1484620553546167	7	0
1	0.1272663242613674	14	0
1	0.08699963027339369	6	0
1	0.09839187912137633	12	0
1	0.1734517479457412	0	0
1	0.0527669832206238	2	1
1	0.1085633102948485	18	1
1	0.09213240459382671	4	1
1	0.06244118354527119	3	0
1	0.149895949390781	12	0
1	0.1026539334188719	14	0
1	0.1127923766128647	3	1
1	0.0932595132573692	4	0
1	0.1784712183924889	14	0
1	0.1170193966560559	1	0
1	0.118835921106565	11	0
1	0.08833712880226963	4	1
1	0.1508432226073333	3	1
1	0.1252516511140613	13	0
1	0.1944477284456923	13	0
1	0.1754158741105274	16	1
1	0.1192780122927299	10	0
1	0.1484363618316968	3	0
1	0.08997336080724763	20	1
1	0.1670762837694926	7	0
1	0.1922264447500487	14	0
1	0.1143644814910789	6	0
1	0.1030288354773175	12	0
1	0.1302045631443509	0	0
1	0.09406881943919115	2	1
1	0.1363230130212012	18	1
1	0.1024099351178158	4	1
1	0.05939040329309565	3	0
1	0.1688558478652533	12	0
1	0.1021334985768909	14	0
1	0.1364230035220009	3	1
1	0.1468669705966074	4	0
1	0.1495259987641707	14	0
1	0.1341518715808629	1	0
1	0.1070869223834658	11	0
1	0.07994413850736784	4	1
1	0.1454445858413559	3	1
1	0.1557161218356545	13	0
1	0.1387308797735048	13	0
1	0.2018316369435042	16	1
1	0.1346348065864987	10	0
1	0.1078025753598472	3	0
1	0.1501983397036551	20	1
1	0.1395482846024615	7	0
1	0.1457289492804394	14	0
1	0.103351993089102	6	0
1	0.1054856980254187	12	0
1	0.1264920364443037	0	0
1	0.08348674109552134	2	1
1	0.1506457415247802	18	1
1	0.06682330529996365	4	1
1	0.1114021802521245	3	0
1	0.1573781877065645	12	0
1	0.1296047080625454	14	0
1	0.1263037781309815	3	1
1	0.1218252217047012	4	0
1	0.1302652226391351	14	0
1	0.1310460470146233	1	0
1	0.1114559854156442	11	0
1	0.11095050388747	4	1
1	0.1143708022699081	3	1
1	0.1323843232728759	13	0
1	0.1201228985511107	13	0
1	0.1761172100934939	16	1
1	0.1107596110300098	10	0
1	0.1246276606965793	3	0
1	0.1286496684683221	20	1
1	0.1269094779910699	7	0
1	0.1970549013157985	14	0
1	0.08150559258954537	6	0
1	0.1052871537791782	12	0
1	0.1068048879032956	0	0
1	0.09163037605855839	2	1
1	0.1591758784557614	18	1
1	0.1113026892567437	4	1
1	0.1096701439677424	3	0
1	0.175183210787803	12	0
1	0.1377494659073225	14	0
1	0.1239828352075415	3	1
1	0.1122724355925248	4	0
1	0.1240308275062105	14	0
1	0.1534125270846332	1	0
1	0.1014038501768959	11	0
1	0.1005433121625408	4	1
1	0.1464968057976112	3	1
1	0.1184780146371101	13	0
1	0.1286417953004056	13	0
1	0.1562520382630943	16	1
1	0.1452345709607773	10	0
1	0.1566535026925076	3	0
1	0.1166602181697791	20	1
1	0.130948885114653	7	0
1	0.1516724993679902	14	0
1	0.1097571617496353	6	0
1	0.08885308728340355	12	0
1	0.1673951540872008	0	0
1	0.04967218154986953	2	1
1	0.1122211941035203	18	1
1	0.08436784435768571	4	1
1	0.08806864938550094	3	0
1	0.1710443350774679	12	0
1	0.1316150813008974	14	0
1	0.09456753674115173	3	1
1	0.1256735212481155	4	0
1	0.1071575565448817	14	0
1	0.09396136976585324	1	0
1	0.1052242434113246	11	0
1	0.08120987290270586	4	1
1	0.1752959498893601	3	1
1	0.1303206474757013	13	0
1	0.1260321037654272	13	0
1	0.1801541867150542	16	1
1	0.1271968807553568	10	0
1	0.1521943533772748	3	0
1	0.09168180675401807	20	1
1	0.1133847789397176	7	0
1	0.1512129837406634	14	0
1	0.07425081251839105	6	0
1	0.08319161060593722	12	0
1	0.1633479374990946	0	0
1	0.1022481672686571	2	1
1	0.1171511306738689	18	1
1	0.1427071337053988	4	1
1	0.06066995525860047	3	0
1	0.1864711302324032	12	0
1	0.1038777900409615	14	0
1	0.1187035601566895	3	1
1	0.1243511881534093	4	0
1	0.1083859749423216	14	0
1	0.1017446284208852	1	0
1	0.1372886543303373	11	0
1	0.09653803877930417	4	1
1	0.122648328506404	3	1
1	0.1421906668447436	13	0
1	0.1165097828103263	13	0
1	0.2140679994084673	16	1
1	0.1193593128032221	10	0
1	0.1151745192772048	3	0
1	0.1226024445258227	20	1
1	0.1024339270451086	7	0
1	0.1285845634533175	14	0
1	0.1048524894268448	6	0
1	0.07333086095597999	12	0
1	0.1578717078712323	0	0
1	0.1009974293154321	2	1
1	0.1280674598040358	18	1
1	0.1189117711830229	4	1
1	0.1094022167309202	3	0
1	0.1514113109414612	12	0
1	0.1231038683876782	14	0
1	0.1509861000305617	3	1
1	0.1668129959436591	4	0
1	0.1124047920705078	14	0
1	0.1259839249975075	1	0
1	0.1024641165106941	11	0
1	0.07598012750951207	4	1
1	0.1659122262436832	3	1
1	0.1448026532282738	13	0
1	0.1426974890784775	13	0
1	0.1386475249483243	16	1
1	0.1346278377609683	10	0
1	0.1133820546810273	3	0
1	0.1599444964084573	20	1
1	0.1510077212568673	7	0
1	0.1571746268067511	14	0
1	0.1081875185944953	6	0
1	0.1336248936892694	12	0
1	0.1308521117944822	0	0
1	0.06232818979669943	2	1
1	0.1623606958978887	18	1
1	0.1044152135044644	4	1
1	0.09957625209515407	3	0
1	0.1609077536837492	12	0
1	0.1355393082026699	14	0
1	0.1336927509194701	3	1
1	0.1103184404584667	4	0
1	0.1562330510436841	14	0
1	0.108024293018699	1	0
1	0.106247916716916	11	0
1	0.1444889557479001	4	1
1	0.1258660804644237	3	1
1	0.1249135883937139	13	0
1	0.1249908414691653	13	0
1	0.1692254497585518	16	1
1	0.09578195286772101	10	0
1	0.1266692158322026	3	0
1	0.1242230767471293	20	1
1	0.1503662790363518	7	0
1	0.09898311623700047	14	0
1	0.06404821003904712	6	0
1	0.1160272429183954	12	0
1	0.1251044808903737	0	0
1	0.1096530933187066	2	1
1	0.09956520085708967	18	1
1	0.08270021885221343	4	1
1	0.105972812818846	3	0
1	0.1820032151508278	12	0
1	0.08619136163577373	14	0
1	0.1024714037142923	3	1
1	0.09546070783744047	4	0
1	0.1419146961568101	14	0
1	0.1246713531644998	1	0
1	0.1188471312115682	11	0
1	0.1013163701097523	4	1
1	0.147882391616864	3	1
1	0.08441897427715561	13	0
1	0.1512880561006053	13	0
1	0.1859778309306784	16	1
1	0.1033940478004615	10	0
1	0.1263425418933568	3	0
1	0.1652077026488816	20	1
1	0.1189823938216249	7	0
1	0.1397084021752688	14	0
1	0.09950766340362005	6	0
1	0.1031650330039551	12	0
1	0.1461322091713138	0	0
1	0.07024751630206807	2	1
1	0.109220880091894	18	1
1	0.11085487731839	4	1
1	0.1027386740041958	3	0
1	0.1945537468678722	12	0
1	0.1214236223365872	14	0
1	0.1223550780556391	3	1
1	0.1436007368851921	4	0
1	0.1310080484714491	14	0
1	0.1220407142560821	1	0
1	0.1001781799658909	11	0
1	0.07743825236743399	4	1
1	0.09820290997397163	3	1
1	0.1380177682434928	13	0
1	0.1304049259286154	13	0
1	0.1957791434606719	16	1
1	0.1151764366537048	10	0
1	0.1366621769128736	3	0
1	0.1202042753695719	20	1
1	0.1207795074416567	7	0
1	0.1412199305411481	14	0
1	0.05479351394731504	6	0
1	0.1193212681689557	12	0
1	0.1361270104333724	0	0
1	0.09945635775069085	2	1
1	0.1590113940653522	18	1
1	0.1166231556199605	4	1
1	0.0797156511688307	3	0
1	0.1710924433706934	12	0
1	0.1185138428553454	14	0
1	0.152613833736004	3	1
1	0.1444216636377985	4	0
1	0.1464935115628848	14	0
1	0.12616505742628	1	0
1	0.08744463567741734	11	0
1	0.111977044484024	4	1
1	0.1391717062676909	3	1
1	0.1150641289591312	13	0
1	0.1427373505471163	13	0
1	0.1974019441586988	16	1
1	0.1092721791161621	10	0
1	0.1005384230170323	3	0
1	0.1320304058162257	20	1
1	0.1595499394707739	7	0
1	0.1507768449120295	14	0
1	0.1135912329199713	6	0
1	0.09949476674696345	12	0
1	0.1270896757970588	0	0
1	0.08814639238133538	2	1
1	0.1023497268611193	18	1
1	0.1183957086648369	4	1
1	0.1148907421817736	3	0
1	0.1718894394185694	12	0
1	0.1394671110648565	14	0
1	0.1234816712167901	3	1
1	0.116114636350716	4	0
1	0.1786971666914373	14	0
1	0.1180006489491889	1	0
1	0.1230876122109011	11	0
1	0.106002190315382	4	1
1	0.1364418576424608	3	1
1	0.1225612842909206	13	0
1	0.1117689156833995	13	0
1	0.1928731536026316	16	1
1	0.1221866723790166	10	0
1	0.1305625333388759	3	0
1	0.1649659737674107	20	1
1	0.1294125790253204	7	0
1	0.1411499680744373	14	0
1	0.1166719915337245	6	0
1	0.07890754814005471	12	0
1	0.125340343142616	0	0
1	0.1001293754437227	2	1
1	0.1109710879595386	18	1
1	0.1039328722873927	4	1
1	0.1064951575572175	3	0
1	0.1822517421665513	12	0
1	0.1015621028735856	14	0
1	0.1607829360444849	3	1
1	0.1285807046967671	4	0
1	0.1282128884029513	14	0
1	0.1151812881394481	1	0
1	0.1116492007894281	11	0
1	0.09625946015759483	4	1
1	0.1409425668294014	3	1
1	0.1010636178320231	13	0
1	0.1216280330102932	13	0
1	0.1730035793248057	16	1
1	0.09239472364212616	10	0
1	0.1656064583094506	3	0
1	0.1174600328746438	20	1
1	0.1921603361023636	7	0
1	0.1386509108662372	14	0
1	0.1098861647929974	6	0
1	0.1099676802700608	12	0
1	0.1760771825142371	0	0
1	0.0632524888803789	2	1
1	0.1171839677007786	18	1
1	0.1115572951537983	4	1
1	0.1332378367167747	3	0
1	0.1983430525373282	12	0
1	0.169830725496563	14	0
1	0.09157236701741031	3	1
1	0.1038049562748926	4	0
1	0.1397887790112796	14	0
1	0.08056840551762058	1	0
1	0.1294591932788836	11	0
1	0.09564944186178456	4	1
1	0.1053513699251107	3	1
1	0.1133771026572667	13	0
1	0.1416784359395635	13	0
1	0.2169005392280987	16	1
1	0.1355994769698371	10	0
1	0.1503308505839445	3	0
1	0.1376629615541672	20	1
1	0.1506071203640666	7	0
1	0.1329595292406374	14	0
1	0.06623006818481331	6	0
1	0.1355797009695314	12	0
1	0.1346019706041562	0	0
1	0.07590773660110595	2	1
1	0.1396005223698055	18	1
1	0.1120684091902323	4	1
1	0.1010852569324893	3	0
1	0.1937553453604486	12	0
1	0.1702308007244166	14	0
1	0.1427535893975769	3	1
1	0.1136372752649076	4	0
1	0.1296155865285431	14	0
1	0.123641972554908	1	0
1	0.1547261005769666	11	0
1	0.1134847230177093	4	1
1	0.1414782555918023	3	1
1	0.1216859289796619	13	0
1	0.1772194236307657	13	0
1	0.1853223852386731	16	1
1	0.1451609475304849	10	0
1	0.1309697258836289	3	0
1	0.1290029963754409	20	1
1	0.1332886279920212	7	0
1	0.1499404405206201	14	0
1	0.09635805451671502	6	0
1	0.07339212334509754	12	0
1	0.1700815017622272	0	0
1	0.1022488071191866	2	1
1	0.1304317226939943	18	1
1	0.1018743160366934	4	1
1	0.1274790359040883	3	0
1	0.1449457673297528	12	0
1	0.1144488212131109	14	0
1	0.1581570108241999	3	1
1	0.0970139460105322	4	0
1	0.09838493341521326	14	0
1	0.1255164694197601	1	0
1	0.1235416125969113	11	0
1	0.1128388278329861	4	1
1	0.1643766208239983	3	1
1	0.1032133447556223	13	0
1	0.14500905728432	13	0
1	0.1821491067033781	16	1
1	0.1503849687342074	10	0
1	0.1388550983925135	3	0
1	0.09182530246650446	20	1
1	0.1744294915532358	7	0
1	0.1657419083685719	14	0
1	0.112576460002953	6	0
1	0.1228428101917004	12	0
1	0.123373016684008	0	0
1	0.09282957886683531	2	1
1	0.1256420355470828	18	1
1	0.1130078640791133	4	1
1	0.1062333367353339	3	0
1	0.1899329954670011	12	0
1	0.1622407890403311	14	0
1	0.1477408294959248	3	1
1	0.1213719768110436	4	0
1	0.1441131586020779	14	0
1	0.1169233131339147	1	0
1	0.1346391598076982	11	0
1	0.1206980299041644	4	1
1	0.1405273237387023	3	1
1	0.1370527104366138	13	0
1	0.1415156403387317	13	0
1	0.2054507674386109	16	1
1	0.1367278992264801	10	0
1	0.1567892606856239	3	0
1	0.1158055992659147	20	1
1	0.1551806018420586	7	0
1	0.183806397631899	14	0
1	0.09582243698423104	6	0
1	0.1143772370474686	12	0
1	0.1423351887111927	0	0
1	0.04548709719801727	2	1
1	0.153347419627314	18	1
1	0.09193960835018583	4	1
1	0.1133190197713649	3	0
1	0.1901454129814725	12	0
1	0.1043357739914272	14	0
1	0.1529303228270978	3	1
1	0.1381397894781738	4	0
1	0.1238474344206114	14	0
1	0.1212038012446773	1	0
1	0.1235900108549298	11	0
1	0.1220720236044658	4	1
1	0.1302185365302935	3	1
1	0.09584716218566969	13	0
1	0.130169483658033	13	0
1	0.16755040923042	16	1
1	0.1403787740283043	10	0
1	0.1421836126547298	3	0
1	0.1316421987771963	20	1
1	0.1481234803839756	7	0
1	0.1347082515900405	14	0
1	0.1143363049715475	6	0
1	0.08639906039325072	12	0
1	0.1473840946495846	0	0
1	0.04870388218051636	2	1
1	0.1168638015051886	18	1
1	0.1257189889580699	4	1
1	0.08819557314932902	3	0
1	0.1491069148416818	12	0
1	0.1407884216198296	14	0
1	0.1513576641395563	3	1
1	0.08279560758080595	4	0
1	0.1397632919301139	14	0
1	0.1404280285444462	1	0
1	0.1329600368701844	11	0
1	0.1309247756350661	4	1
1	0.1265347820512444	3	1
1	0.1170075361481004	13	0
1	0.1136168657031271	13	0
1	0.1592656748236289	16	1
1	0.11300847956898	10	0
1	0.1604922710099878	3	0
1	0.115256446576158	20	1
1	0.1718286643252384	7	0
1	0.1239846952756079	14	0
1	0.1089375245156022	6	0
1	0.07382841941388719	12	0
1	0.1677270680024722	0	0
1	0.07746370184912905	2	1
1	0.1237932612249608	18	1
1	0.1490091919538232	4	1
1	0.1096864324182272	3	0
1	0.1471393230789791	12	0
1	0.1231726816053238	14	0
1	0.1300395360238809	3	1
1	0.1404057123402933	4	0
1	0.111065890320051	14	0
1	0.1259085525013928	1	0
1	0.1128846933326031	11	0
1	0.1019226791583147	4	1
1	0.142704354423326	3	1
1	0.11622725161005	13	0
1	0.1858381318246854	13	0
1	0.1603464433154553	16	1
1	0.1335280621807528	10	0
1	0.1719746309493527	3	0
1	0.1025184324298707	20	1
1	0.1345547983795286	7	0
1	0.1680414951157827	14	0
1	0.08882350977629178	6	0
1	0.1170843110843211	12	0
1	0.1410223105301691	0	0
1	0.08768132066803927	2	1
1	0.09354136172038274	18	1
1	0.1138567064163116	4	1
1	0.1236613067147633	3	0
1	0.2064356148418736	12	0
1	0.1483146020414787	14	0
1	0.1364835587870071	3	1
1	0.1386924589765137	4	0
1	0.1166439222972254	14	0
1	0.1218545856058966	1	0
1	0.1370969498761446	11	0
1	0.0967441946331408	4	1
1	0.1367583894910099	3	1
1	0.1373196999089745	13	0
1	0.1411686208790368	13	0
1	0.189704347258537	16	1
1	0.1325166748120514	10	0
1	0.1012447255049515	3	0
1	0.138379735999635	20	1
1	0.1149655844854563	7	0
1	0.1172201781074448	14	0
1	0.05896630352856391	6	0
1	0.1274236061413182	12	0
1	0.09710646354958477	0	0
1	0.05466074375341778	2	1
1	0.1430584284157007	18	1
1	0.1164941777919994	4	1
1	0.1196606549318406	3	0
1	0.1914638141436577	12	0
1	0.1616276410238915	14	0
1	0.104777330218492	3	1
1	0.09553629741545606	4	0
1	0.1210746614684752	14	0
1	0.1269063997476658	1	0
1	0.09077519385152338	11	0
1	0.1084038632186188	4	1
1	0.1297186839252042	3	1
1	0.132280587933054	13	0
1	0.1401183916039251	13	0
1	0.2096667858505731	16	1
1	0.1311589812778282	10	0
1	0.1611803829774734	3	0
1	0.1366055360917619	20	1
1	0.1397298927908513	7	0
1	0.1779505553145768	14	0
1	0.1408971061822932	6	0
1	0.1207782937139837	12	0
1	0.1481813954005876	0	0
1	0.08591527030039255	2	1
1	0.1106586713234153	18	1
1	0.1167864723513381	4	1
1	0.1227735735621718	3	0
1	0.1916483145180933	12	0
1	0.118580902971875	14	0
1	0.1327791878839485	3	1
1	0.1237774968028817	4	0
1	0.1512773515591125	14	0
1	0.1085798558248396	1	0
1	0.1132767012049209	11	0
1	0.1216141472068624	4	1
1	0.1371363440416842	3	1
1	0.1004469420322172	13	0
1	0.1166482112566897	13	0
1	0.1935444387144513	16	1
1	0.1468475349510148	10	0
1	0.1216618776315343	3	0
1	0.1386113368300788	20	1
1	0.1554332234341299	7	0
1	0.1438509132518267	14	0
1	0.06798650129802519	6	0
1	0.1131676951378483	12	0
1	0.1532134049587315	0	0
1	0.08985031952706707	2	1
1	0.1228621747506788	18	1
1	0.1043152868908074	4	1
1	0.1236746170783188	3	0
1	0.1812764062252161	12	0
1	0.1022047614596122	14	0
1	0.0919054548383663	3	1
1	0.1363657982566715	4	0
1	0.1130207695661203	14	0
1	0.102106091097742	1	0
1	0.113281145872445	11	0
1	0.07410133417991978	4	1
1	0.1265007734961061	3	1
1	0.1034662531131724	13	0
1	0.1741297198984939	13	0
1	0.1537987856052644	16	1
1	0.1410167929650694	10	0
1	0.1500957125170263	3	0
1	0.0802009108064165	20	1
1	0.1182454010346499	7	0
1	0.1545839124144017	14	0
1	0.09173244129329401	6	0
1	0.1088748899510647	12	0
1	0.1163614972865804	0	0
1	0.06360606746494708	2	1
1	0.09703034576882411	18	1
1	0.1052538522134942	4	1
1	0.1018654621774703	3	0
1	0.1900898475308476	12	0
1	0.1220418217175189	14	0
1	0.09575521006053068	3	1
1	0.1054417758558429	4	0
1	0.1234816978632656	14	0
1	0.1549839061170194	1	0
1	0.07175581968101337	11	0
1	0.08721259874707944	4	1
1	0.153721098982198	3	1
1	0.1395647438850033	13	0
1	0.1563118999132316	13	0
1	0.1809630793168174	16	1
1	0.1773996125422633	10	0
1	0.1002930666392857	3	0
1	0.09666520123647349	20	1
1	0.112931432728303	7	0
1	0.1977586090263634	14	0
1	0.1074239739485549	6	0
1	0.1012540807937108	12	0
1	0.1481687799069621	0	0
1	0.09758231511743698	2	1
1	0.1374759239457217	18	1
1	0.1294617907837491	4	1
1	0.1032601853712091	3	0
1	0.1666880089109867	12	0
1	0.09852475751816284	14	0
1	0.1567346148213275	3	1
1	0.1254015208943633	4	0
1	0.1717910357279906	14	0
1	0.1333197118581789	1	0
1	0.1055868047590037	11	0
1	0.0731116182492713	4	1
1	0.1300956230471516	3	1
1	0.119504837437389	13	0
1	0.191380623041677	13	0
1	0.1611043408570873	16	1
1	0.144415142178578	10	0
1	0.105630745084839	3	0
1	0.1168133257784	20	1
1	0.1380794703455784	7	0
1	0.1443497362629768	14	0
1	0.1140783965636882	6	0
1	0.1075093708875936	12	0
1	0.1326240980011904	0	0
1	0.07971536438713238	2	1
1	0.1323109587594052	18	1
1	0.07145347801974562	4	1
1	0.1026897739353298	3	0
1	0.1456971821427454	12	0
1	0.1303296607894046	14	0
1	0.1132720293765306	3	1
1	0.1249781778141571	4	0
1	0.100377640309549	14	0
1	0.1142017401616364	1	0
1	0.09153259268844323	11	0
1	0.08841167319619143	4	1
1	0.1243071211627267	3	1
1	0.1113344700135491	13	0
1	0.117726930395902	13	0
1	0.1815604388852167	16	1
1	0.1318957182713346	10	0
1	0.1784349431382473	3	0
1	0.1279535456390988	20	1
1	0.164387490109621	7	0
1	0.1368567012302174	14	0
1	0.102163944827988	6	0
1	0.1051251248102231	12	0
1	0.1315136189346696	0	0
1	0.0755230100338887	2	1
1	0.08880729594338754	18	1
1	0.1008495325437122	4	1
1	0.06284884817719773	3	0
1	0.1778481313421409	12	0
1	0.1176385909011951	14	0
1	0.1062833367843543	3	1
1	0.1162538374420095	4	0
1	0.1417672601356499	14	0
1	0.09792737530186911	1	0
1	0.08734267549563998	11	0
1	0.05086012955269185	4	1
1	0.1338267197165273	3	1
1	0.0927794987639026	13	0
1	0.1592805852164411	13	0
1	0.1777734138173162	16	1
1	0.1383174051790066	10	0
1	0.1252254201057783	3	0
1	0.1345947235982846	20	1
1	0.1732345454816499	7	0
1	0.1496181307940328	14	0
1	0.135716731649433	6	0
1	0.08533676330337024	12	0
1	0.1334666334463393	0	0
1	0.07771771547527288	2	1
1	0.1410405588998568	18	1
1	0.07268274005338607	4	1
1	0.07697440260440917	3	0
1	0.1670088199040109	12	0
1	0.09233347349120728	14	0
1	0.1539308311641321	3	1
1	0.1503949424363075	4	0
1	0.1472608926387224	14	0
1	0.09943700038522425	1	0
1	0.1197596194100518	11	0
1	0.07242515131746519	4	1
1	0.1388022324982235	3	1
1	0.1501261616453676	13	0
1	0.1531312725537952	13	0
1	0.2098329575598918	16	1
1	0.13927765270472	10	0
1	0.162284857676414	3	0
1	0.1402725506578645	20	1
1	0.153811460980167	7	0
1	0.1359764295488368	14	0
1	0.1101168953467216	6	0
1	0.1039226510529205	12	0
1	0.1271303154387862	0	0
1	0.06811388443054492	2	1
1	0.1321396398998132	18	1
1	0.1047295898213464	4	1
1	0.1284915833748227	3	0
1	0.141802030195473	12	0
1	0.1425715691909868	14	0
1	0.1394774417662951	3	1
1	0.1394484353544491	4	0
1	0.144371239914154	14	0
1	0.1048988228761868	1	0
1	0.1152763806117325	11	0
1	0.1197158693635413	4	1
1	0.1084233205402732	3	1
1	0.1103355659978765	13	0
1	0.1105600668314701	13	0
1	0.1612289641890079	16	1
1	0.09252834028473861	10	0
1	0.07643954637029197	3	0
1	0.1042462541241106	20	1
1	0.1653029304601882	7	0
1	0.1701553600557473	14	0
1	0.07777710501134366	6	0
1	0.1001410308808475	12	0
1	0.1407529304157915	0	0
1	0.1092226958776636	2	1
1	0.097749079758635	18	1
1	0.1321010493729519	4	1
1	0.07290753311847536	3	0
1	0.2043808738015973	12	0
1	0.1623844023889735	14	0
1	0.1077352838375928	3	1
1	0.1755688762905488	4	0
1	0.1445178292724649	14	0
1	0.1042778832552262	1	0
1	0.1316358035525353	11	0
1	0.09864748596680861	4	1
1	0.1509988173220065	3	1
1	0.09455744176170075	13	0
1	0.1430273540443848	13	0
1	0.2200300253402255	16	1
1	0.1449842032179994	10	0
1	0.1264996265857395	3	0
1	0.1100046247766173	20	1
1	0.1567333282618915	7	0
1	0.1499788067904974	14	0
1	0.1054347298832027	6	0
1	0.1097361354600183	12	0
1	0.1185257552414242	0	0
1	0.1011702329651528	2	1
1	0.1422961381036033	18	1
1	0.1461808284168057	4	1
1	0.0595084198583416	3	0
1	0.193217971784394	12	0
1	0.1047724902558358	14	0
1	0.1351876294489573	3	1
1	0.1143545886421172	4	0
1	0.1593082645365275	14	0
1	0.09214842038170595	1	0
1	0.1072448112698454	11	0
1	0.1021319665726821	4	1
1	0.1330807075955942	3	1
1	0.09073294094220127	13	0
1	0.140277473942884	13	0
1	0.1861849730106662	16	1
1	0.1348824714446465	10	0
1	0.1018197131915424	3	0
1	0.1271041481668613	20	1
1	0.1390816906999905	7	0
1	0.1563980355342466	14	0
1	0.1066428753762595	6	0
1	0.1417003427714927	12	0
1	0.1513093501878002	0	0
1	0.08941322130609872	2	1
1	0.1054387905465698	18	1
1	0.1121313914910912	4	1
1	0.1352291147478866	3	0
1	0.1706581112809139	12	0
1	0.08660934132845773	14	0
1	0.1240204769824569	3	1
1	0.09910093137789419	4	0
1	0.1249256681472345	14	0
1	0.1215635025584629	1	0
1	0.1154215938015872	11	0
1	0.0993506491466719	4	1
1	0.1248982845751894	3	1
1	0.1236331837374791	13	0
1	0.1336996426907024	13	0
1	0.2048288912870477	16	1
1	0.1179456284408513	10	0
1	0.1027711859581071	3	0
1	0.1264892003923412	20	1
1	0.1574241094208	7	0
1	0.1500089245779823	14	0
1	0.1399389930271652	6	0
1	0.1302038561061777	12	0
1	0.1292853425180715	0	0
1	0.07906825394226395	2	1
1	0.0959381041896184	18	1
1	0.09510839264244464	4	1
1	0.09816698501045797	3	0
1	0.1329450712455513	12	0
1	0.1232693431997686	14	0
1	0.1474921722390669	3	1
1	0.1357083067921359	4	0
1	0.1605526024013656	14	0
1	0.146078861045513	1	0
1	0.1083334121181907	11	0
1	0.1088665481441047	4	1
1	0.1490352455785536	3	1
1	0.133536292660912	13	0
1	0.1082881056607039	13	0
1	0.1928161321508525	16	1
1	0.1029361547219876	10	0
1	0.1335123298728994	3	0
1	0.1510292681501259	20	1
1	0.1720619242055595	7	0
1	0.1395636180288544	14	0
1	0.126915834609379	6	0
1	0.1018212584502008	12	0
1	0.1235778787690057	0	0
1	0.08581313504358515	2	1
1	0.1397131743749238	18	1
1	0.1219779085758098	4	1
1	0.08670437524908742	3	0
1	0.1993751704841278	12	0
1	0.101615626188976	14	0
1	0.1130447705156461	3	1
1	0.1364291923036839	4	0
1	0.1196398751974679	14	0
1	0.1629498411848538	1	0
1	0.1165583280699097	11	0
1	0.1110182380505729	4	1
1	0.1279325521889479	3	1
1	0.1167655715545	13	0
1	0.1251747344378331	13	0
1	0.1866386657042832	16	1
1	0.1175877147035675	10	0
1	0.09406668412324598	3	0
1	0.1728951566110494	20	1
1	0.1785404826473738	7	0
1	0.1679220346264875	14	0
1	0.100189849924609	6	0
1	0.1022522333411884	12	0
1	0.1566375225581409	0	0
1	0.04753975193228342	2	1
1	0.1087997406262743	18	1
1	0.07961502694949528	4	1
1	0.08563416860048481	3	0
1	0.1582751168637196	12	0
1	0.1382820166477194	14	0
1	0.1079023782997171	3	1
1	0.1332191673590052	4	0
1	0.1480675368605459	14	0
1	0.1172746225170626	1	0
1	0.08886608934662441	11	0
1	0.1004038572858959	4	1
1	0.1394062305886172	3	1
1	0.1124967146736423	13	0
1	0.1628291859458937	13	0
1	0.1540181858230352	16	1
1	0.1119397606751269	10	0
1	0.1356213875892866	3	0
1	0.1009776825937241	20	1
1	0.1436968086651538	7	0
1	0.1530026039164643	14	0
1	0.1179734221857197	6	0
1	0.132450429470815	12	0
1	0.1427710862819837	0	0
1	0.0540759258661667	2	1
1	0.1179687092435059	18	1
1	0.09819028579423009	4	1
1	0.1174714314155174	3	0
1	0.1717194351399296	12	0
1	0.1424738751046446	14	0
1	0.1197355591941381	3	1
1	0.1003542409124155	4	0
1	0.1493036872543649	14	0
1	0.0983283536820248	1	0
1	0.1111483212226121	11	0
1	0.1033993772160699	4	1
1	0.1142811170141424	3	1
1	0.1329274790516545	13	0
1	0.1512430972696155	13	0
1	0.1473117989820548	16	1
1	0.1312676614766737	10	0
1	0.1376113254611961	3	0
1	0.1563349301318948	20	1
1	0.1324870966312744	7	0
1	0.1494852688450086	14	0
1	0.1134228412165595	6	0
1	0.1047206772428256	12	0
1	0.1012185354213132	0	0
1	0.09190869991798226	2	1
1	0.08274143698336428	18	1
1	0.0909984942270216	4	1
1	0.1125852221972313	3	0
1	0.1940008240922056	12	0
1	0.14715465518361	14	0
1	0.09956996875768237	3	1
1	0.1240496731512983	4	0
1	0.1017337722262581	14	0
1	0.1121393327467855	1	0
1	0.1140194581348023	11	0
1	0.1111331576842923	4	1
1	0.1341048180767392	3	1
1	0.1197448589209527	13	0
1	0.1529233403385105	13	0
1	0.1693577045662617	16	1
1	0.1503224517177908	10	0
1	0.1271849703807759	3	0
1	0.1252480240254477	20	1
1	0.1750649235402655	7	0
1	0.1584087111669512	14	0
1	0.09654817142718528	6	0
1	0.1065658990083084	12	0
1	0.1308256305160854	0	0
1	0.08670933209751208	2	1
1	0.1317730563083974	18	1
1	0.102162628907343	4	1
1	0.08568143645587317	3	0
1	0.1691866311166051	12	0
1	0.1306544225216537	14	0
1	0.1655198259270058	3	1
1	0.1209022838196702	4	0
1	0.1357102892622523	14	0
1	0.1642860389819464	1	0
1	0.08834395775758119	11	0
1	0.1277082179607142	4	1
1	0.1386544151493715	3	1
1	0.1135300277510509	13	0
1	0.1646240674981632	13	0
1	0.2080214205171364	16	1
1	0.1235300129256062	10	0
1	0.1305475922614239	3	0
1	0.1175261867589846	20	1
1	0.1348564778492856	7	0
1	0.1863413759004906	14	0
1	0.09193708926743839	6	0
1	0.1138877601240869	12	0
1	0.1370957366263633	0	0
1	0.09763605827273883	2	1
1	0.1049063721487905	18	1
1	0.1106959928998658	4	1
1	0.07932117053670905	3	0
1	0.1524505120378448	12	0
1	0.111335857278819	14	0
1	0.1406650322333058	3	1
1	0.1191075101944045	4	0
1	0.1452071203305288	14	0
1	0.1347674172406433	1	0
1	0.09665718254513431	11	0
1	0.06395302048401663	4	1
1	0.1302201528318919	3	1
1	0.09469516377359259	13	0
1	0.1493223203168709	13	0
1	0.1553297911451447	16	1
1	0.1415224752531848	10	0
1	0.1133986132487689	3	0
1	0.1367039867525782	20	1
1	0.1550332701441575	7	0
1	0.1281326058969128	14	0
1	0.1034730206015261	6	0
1	0.07747420150127672	12	0
1	0.1099216984363755	0	0
1	0.07477833151687921	2	1
1	0.1161160010048341	18	1
1	0.1046227845577071	4	1
1	0.09848837002177388	3	0
1	0.1470155155850927	12	0
1	0.09568831109379607	14	0
1	0.1033394577840507	3	1
1	0.1142918231342017	4	0
1	0.118701554193313	14	0
1	0.09828416669936929	1	0
1	0.1194329579456537	11	0
1	0.1082621312601874	4	1
1	0.118553333360286	3	1
1	0.1316806774482772	13	0
1	0.1326524285152753	13	0
1	0.1787970167973441	16	1
1	0.1104892796808885	10	0
1	0.1258524547323804	3	0
1	0.1246982165173774	20	1
1	0.1124993983042689	7	0
1	0.1567797853599696	14	0
1	0.100873532579267	6	0
1	0.1142741292866401	12	0
1	0.1426683413698352	0	0
1	0.05822072009455481	2	1
1	0.132055130406674	18	1
1	0.078194456292103	4	1
1	0.07130789681763458	3	0
1	0.1626901950178432	12	0
1	0.1627066464618072	14	0
1	0.09692567619972257	3	1
1	0.123391998882666	4	0
1	0.1065695124039658	14	0
1	0.1400540883824136	1	0
1	0.1326218714052721	11	0
1	0.09381654438247028	4	1
1	0.119696154800499	3	1
1	0.155876369326299	13	0
1	0.1356795884378888	13	0
1	0.1961215994849241	16	1
1	0.1048913184542309	10	0
1	0.1228540143035114	3	0
1	0.1238946898250852	20	1
1	0.1658030776625634	7	0
1	0.1474457725376081	14	0
1	0.07142313387441782	6	0
1	0.09140883273858727	12	0
1	0.1216320961553664	0	0
1	0.101387885771022	2	1
1	0.09450360328527971	18	1
1	0.1011047979908753	4	1
1	0.1228343819971051	3	0
1	0.1903045596560406	12	0
1	0.1471635261254969	14	0
1	0.1071659816214074	3	1
1	0.1026868552684925	4	0
1	0.1306521861781849	14	0
1	0.1035294735929961	1	0
1	0.1339120245743255	11	0
1	0.07502893187201354	4	1
1	0.1155219267400823	3	1
1	0.1091884316511391	13	0
1	0.1183486665920055	13	0
1	0.1837227614102426	16	1
1	0.1141347268770085	10	0
1	0.0933430901066292	3	0
1	0.07925393056345706	20	1
1	0.1747330299944255	7	0
1	0.1282847080146978	14	0
1	0.1146851429220071	6	0
1	0.06794398460879729	12	0
1	0.1620182435369068	0	0
1	0.06760439700057495	2	1
1	0.1375877396748518	18	1
1	0.1009187100880229	4	1
1	0.1247113063481875	3	0
1	0.1981851041597876	12	0
1	0.1532930494551096	14	0
1	0.09093636192846838	3	1
1	0.1204827109147246	4	0
1	0.14241293109715	14	0
1	0.1145629107020848	1	0
1	0.1168780158969275	11	0
1	0.1030335598217447	4	1
1	0.1388943488837967	3	1
1	0.1536715922918407	13	0
1	0.1447097487275418	13	0
1	0.1787347998428447	16	1
1	0.1332225949683097	10	0
1	0.1170005109498193	3	0
1	0.1410321871223676	20	1
1	0.1753605835874363	7	0
1	0.1620000266837475	14	0
1	0.1384651846146426	6	0
1	0.1372974245781394	12	0
1	0.09367915010990376	0	0
1	0.05042884978100402	2	1
1	0.1438848425628335	18	1
1	0.1410056289380945	4	1
1	0.1103875399307081	3	0
1	0.150557836999172	12	0
1	0.1065366421381129	14	0
1	0.1407514920777879	3	1
1	0.1053804943875404	4	0
1	0.1430866385686861	14	0
1	0.1423542583380802	1	0
1	0.09812452509295849	11	0
1	0.09605468437260109	4	1
1	0.1406839307888647	3	1
1	0.1279002660473317	13	0
1	0.1431984921940848	13	0
1	0.1569636300933504	16	1
1	0.09209218313224157	10	0
1	0.1101309928124332	3	0
1	0.1222261091479286	20	1
1	0.1537054903656438	7	0
1	0.1525016404869022	14	0
1	0.1198182152317591	6	0
1	0.08510836979116812	12	0
1	0.1652297124685473	0	0
1	0.093174912621544	2	1
1	0.1260147288009491	18	1
1	0.09278489892783795	4	1
1	0.111624797662825	3	0
1	0.1546051798027805	12	0
1	0.1260888805532907	14	0
1	0.1561632185894465	3	1
1	0.1035905431836111	4	0
1	0.129131574036445	14	0
1	0.1149003465357375	1	0
1	0.1182825614302103	11	0
1	0.108330702076296	4	1
1	0.1262071388662727	3	1
1	0.1325867631822557	13	0
1	0.1274240983210015	13	0
1	0.1730768965379761	16	1
1	0.1167027918285327	10	0
1	0.1186139885063153	3	0
1	0.120417134424465	20	1
1	0.148811387760363	7	0
1	0.1541750975691238	14	0
1	0.1115808022141238	6	0
1	0.0620420738930831	12	0
1	0.1565599276390574	0	0
1	0.08376003080461092	2	1
1	0.1302072020576801	18	1
1	0.1327263617278469	4	1
1	0.09313488366955436	3	0
1	0.1999325786978194	12	0
1	0.1342683204906903	14	0
1	0.1018120712552983	3	1
1	0.1196873377590766	4	0
1	0.1097599983468083	14	0
1	0.1148380558747618	1	0
1	0.1131856685693303	11	0
1	0.1176362691843023	4	1
1	0.1729620133111088	3	1
1	0.09498998900106319	13	0
1	0.1377225436932589	13	0
1	0.1719129528424247	16	1
1	0.1066437832869962	10	0
1	0.1129312677930045	3	0
1	0.1370022730212598	20	1
1	0.1476195857473006	7	0
1	0.1641038105115762	14	0
1	0.122472036506707	6	0
1	0.137337326124268	12	0
1	0.1364749778878951	0	0
1	0.1043517982748405	2	1
1	0.1338259759837883	18	1
1	0.1435754471390422	4	1
1	0.1028659624977519	3	0
1	0.1836215456117296	12	0
1	0.104444682343661	14	0
1	0.0937148699939834	3	1
1	0.1402459257339086	4	0
1	0.1264258286368601	14	0
1	0.1176294599568073	1	0
1	0.1351320970756912	11	0
1	0.1092654698885663	4	1
1	0.1448051565644663	3	1
1	0.1194742583631698	13	0
1	0.1347559044118763	13	0
1	0.1684833068228861	16	1
1	0.1104891901563949	10	0
1	0.1035670873875324	3	0
1	0.1229212186430591	20	1
1	0.1486637208012967	7	0
1	0.1440759456278844	14	0
1	0.08096158117088617	6	0
1	0.1090111963285715	12	0
1	0.1511150334356513	0	0
1	0.1112078458693221	2	1
1	0.1005127850785907	18	1
1	0.1523602427051313	4	1
1	0.1206575421752567	3	0
1	0.1681178022051107	12	0
1	0.1563206301301724	14	0
1	0.1339743525341923	3	1
1	0.101297234269487	4	0
1	0.1422027324359329	14	0
1	0.1239682620321604	1	0
1	0.1168328314328841	11	0
1	0.0912702585045731	4	1
1	0.1676400712057842	3	1
1	0.1246347098872633	13	0
1	0.160087303715258	13	0
1	0.1831725358994482	16	1
1	0.1175973088892371	10	0
1	0.129825814843073	3	0
1	0.1401637792862567	20	1
1	0.09704941958219102	7	0
1	0.1776130814286256	14	0
1	0.1293100223240864	6	0
1	0.1099772072787937	12	0
1	0.153834398737097	0	0
1	0.07731065371706972	2	1
1	0.08651330426670036	18	1
1	0.1027755182573812	4	1
1	0.120245468740092	3	0
1	0.1633142841011003	12	0
1	0.1124296559586498	14	0
1	0.1153171812816716	3	1
1	0.1376555644818694	4	0
1	0.1197334174513146	14	0
1	0.1043781812955892	1	0
1	0.0918449487584283	11	0
1	0.1163249197798797	4	1
1	0.1349612405648612	3	1
1	0.1338351190433759	13	0
1	0.135348407122612	13	0
1	0.1443154752023334	16	1
1	0.1757254270128767	10	0
1	0.1252736095302632	3	0
1	0.1234304223336928	20	1
1	0.1060552297344183	7	0
1	0.201264866322685	14	0
1	0.1446396609760303	6	0
1	0.1127954099380556	12	0
1	0.1220295109356874	0	0
1	0.0652924415975958	2	1
1	0.130373824320875	18	1
1	0.1190371105890433	4	1
1	0.09734096174967721	3	0
1	0.1390982398448013	12	0
1	0.1238113713761742	14	0
1	0.1235466184853314	3	1
1	0.1103624355783026	4	0
1	0.1648917587566878	14	0
1	0.1148354452300859	1	0
1	0.108350140634269	11	0
1	0.1211512690400062	4	1
1	0.1431981251428228	3	1
1	0.08298090452953255	13	0
1	0.1514812581723007	13	0
1	0.1700083858400805	16	1
1	0.1042762257907816	10	0
1	0.1257620426008837	3	0
1	0.1323162668731838	20	1
1	0.1381030458747398	7	0
1	0.1456828978821224	14	0
1	0.1436279891139881	6	0
1	0.09315797567821629	12	0
1	0.11268228390168	0	0
1	0.08276088914082189	2	1
1	0.1102981539956038	18	1
1	0.103738414934209	4	1
1	0.1241693841779736	3	0
1	0.1912004390757207	12	0
1	0.1402033010478916	14	0
1	0.1580384459210187	3	1
1	0.121491356908373	4	0
1	0.1516433189977386	14	0
1	0.1274059591479422	1	0
1	0.1205767789149269	11	0
1	0.1026717116488368	4	1
1	0.119067598958437	3	1
1	0.1124210116832525	13	0
1	0.154143506201252	13	0
1	0.2164465847730273	16	1
1	0.127599990015201	10	0
1	0.1241246176478644	3	0
1	0.121273435416445	20	1
1	0.1666612660952507	7	0
1	0.146232307390106	14	0
1	0.1280343924297114	6	0
1	0.1213741200906057	12	0
1	0.1721483342947815	0	0
1	0.1061042251366325	2	1
1	0.1096471728643068	18	1
1	0.1025511323665442	4	1
1	0.08295489579482795	3	0
1	0.1702821870574032	12	0
1	0.1272900283764876	14	0
1	0.09792344838572853	3	1
1	0.1167814155172227	4	0
1	0.1116501768931816	14	0
1	0.1250047891973268	1	0
1	0.1272034965814081	11	0
1	0.09353464436046369	4	1
1	0.1396377833021423	3	1
1	0.1148987644796829	13	0
1	0.1076863887929028	13	0
1	0.169863977339638	16	1
1	0.1136752933455185	10	0
1	0.08745346283915049	3	0
1	0.1239433865365636	20	1
1	0.1360687538302917	7	0
1	0.1619794400810975	14	0
1	0.1046499835043893	6	0
1	0.120973942540396	12	0
1	0.1258251960482299	0	0
1	0.1025783277236468	2	1
1	0.06814402380730945	18	1
1	0.07879487112826472	4	1
1	0.08211143789446673	3	0
1	0.1740656442981517	12	0
1	0.1370964435579243	14	0
1	0.1405636023198851	3	1
1	0.1288372870151709	4	0
1	0.1005266968102343	14	0
1	0.08216279867009968	1	0
1	0.1037396783839665	11	0
1	0.0962186549798056	4	1
1	0.107581571730537	3	1
1	0.09552023103287202	13	0
1	0.1440035758238543	13	0
1	0.15735820889758	16	1
1	0.1137659155085429	10	0
1	0.1177322863106715	3	0
1	0.1118719432172272	20	1
1	0.1399894338522616	7	0
1	0.1554976987900833	14	0
1	0.06882854414807062	6	0
1	0.1035881398844189	12	0
1	0.1773195429576489	0	0
1	0.06598497182100178	2	1
1	0.1454907162763034	18	1
1	0.09929536553845657	4	1
1	0.1302140832226937	3	0
1	0.1769205206366463	12	0
1	0.1266577441721761	14	0
1	0.113187608873489	3	1
1	0.1033355648713293	4	0
1	0.1195624998148598	14	0
1	0.0988252893101853	1	0
1	0.08811903426629354	11	0
1	0.07707074701277428	4	1
1	0.1318319766089221	3	1
1	0.07871487893840624	13	0
1	0.1252026318869552	13	0
1	0.1870977788506859	16	1
1	0.1188648539701387	10	0
1	0.1587055558732506	3	0
1	0.13559900389376	20	1
1	0.1464435934118867	7	0
1	0.1857893858850208	14	0
1	0.09222509593969538	6	0
1	0.0823504964622753	12	0
1	0.1183524146895326	0	0
1	0.09632789782227544	2	1
1	0.1356919478512764	18	1
1	0.1426347981242746	4	1
1	0.09597103797690622	3	0
1	0.1690422130261087	12	0
1	0.1361106362374783	14	0
1	0.1024119216157	3	1
1	0.1570639704475754	4	0
1	0.1127912863017658	14	0
1	0.1127213246169662	1	0
1	0.1013022025779696	11	0
1	0.1338430506200846	4	1
1	0.1201675375632559	3	1
1	0.1328708032552298	13	0
1	0.1570623609818169	13	0
1	0.2025453517735331	16	1
1	0.1008299316067388	10	0
1	0.1561590648847557	3	0
1	0.1459322817291393	20	1
1	0.1459893246252719	7	0
1	0.1630311275886314	14	0
1	0.1061371582987325	6	0
1	0.0556460212878652	12	0
1	0.1380726719673729	0	0
1	0.09180768090362311	2	1
1	0.1322339826396034	18	1
1	0.1197654070442984	4	1
1	0.07933543188889246	3	0
1	0.1604114410143467	12	0
1	0.1095946097950435	14	0
1	0.08907156752657408	3	1
1	0.130065867823523	4	0
1	0.1240253478561208	14	0
1	0.08562198440182697	1	0
1	0.134447198476038	11	0
1	0.1085230507694256	4	1
1	0.118307509224007	3	1
1	0.1018004496474849	13	0
1	0.1271770378785469	13	0
1	0.1643163378217495	16	1
1	0.1206000666736794	10	0
1	0.1355995913679331	3	0
1	0.114618136476256	20	1
1	0.1052031926578074	7	0
1	0.1767092862363313	14	0
1	0.112159802264849	6	0
1	0.08170751881662083	12	0
1	0.1008593361555207	0	0
1	0.1087169280259054	2	1
1	0.1805428030307336	18	1
1	0.1181014793935369	4	1
1	0.0787999235276802	3	0
1	0.1500074926560336	12	0
1	0.1312451930521818	14	0
1	0.1241405193868342	3	1
1	0.1515969753472377	4	0
1	0.1519043843181455	14	0
1	0.1250947330143544	1	0
1	0.1061172615168756	11	0
1	0.08151212655805834	4	1
1	0.1424220393994857	3	1
1	0.107497886187763	13	0
1	0.15430109577954	13	0
1	0.1476587156752165	16	1
1	0.1327980433822275	10	0
1	0.1234125587833247	3	0
1	0.1365311427299302	20	1
1	0.1378663711978524	7	0
1	0.1580859188347586	14	0
1	0.1042711183170599	6	0
1	0.1046971140816517	12	0
1	0.1466396973298274	0	0
1	0.067636723194997	2	1
1	0.1356319701061708	18	1
1	0.1217444533708406	4	1
1	0.08049330743069463	3	0
1	0.1707919100196944	12	0
1	0.1632365834228421	14	0
1	0.1529748546318932	3	1
1	0.1331242018003965	4	0
1	0.1170967452876829	14	0
1	0.1344802108632291	1	0
1	0.1063980005391485	11	0
1	0.09773773446612866	4	1
1	0.1409914456568442	3	1
1	0.09322067516505037	13	0
1	0.1502740333271667	13	0
1	0.2178095903204502	16	1
1	0.09884055472175671	10	0
1	0.1127882591412699	3	0
1	0.111986773454435	20	1
1	0.1601123896527882	7	0
1	0.1602761624862331	14	0
1	0.1026250859378582	6	0
1	0.09185436987994693	12	0
1	0.1480626341588474	0	0
1	0.0617642456889165	2	1
1	0.1257592133496487	18	1
1	0.1110341266117201	4	1
1	0.110298592690408	3	0
1	0.160250476893398	12	0
1	0.1394037875251205	14	0
1	0.1133241949054386	3	1
1	0.1383615598544631	4	0
1	0.1207857593190516	14	0
1	0.08909166105010141	1	0
1	0.0916602693727486	11	0
1	0.0979967258228544	4	1
1	0.137334870873371	3	1
1	0.1088124100216179	13	0
1	0.1183415315651914	13	0
1	0.1782653582637424	16	1
1	0.1234051029214954	10	0
1	0.1438864070503937	3	0
1	0.1319712884058115	20	1
1	0.1486870390589374	7	0
1	0.1262881866725434	14	0
1	0.09728542556304806	6	0
1	0.08159406124256047	12	0
1	0.1287948734816096	0	0
1	0.06842334269025946	2	1
1	0.1212521017866382	18	1
1	0.09901150154245059	4	1
1	0.1220587023982537	3	0
1	0.1703935373555071	12	0
1	0.1324156596120821	14	0
1	0.1062023296688438	3	1
1	0.108065625644209	4	0
1	0.1487967180965735	14	0
1	0.1094638371461849	1	0
1	0.08588893683752755	11	0
1	0.1070364304854291	4	1
1	0.1762402749812302	3	1
1	0.1471430689334961	13	0
1	0.1265930979100295	13	0
1	0.1811020559027474	16	1
1	0.1328715922585317	10	0
1	0.1393626531648033	3	0
1	0.147317360015511	20	1
1	0.1451993638052654	7	0
1	0.1640738205630502	14	0
1	0.09781297290884157	6	0
1	0.1085529297048949	12	0
1	0.128757546171233	0	0
1	0.0636339618273746	2	1
1	0.1354072044341968	18	1
1	0.1045430627520778	4	1
1	0.1038251913870095	3	0
1	0.2175185789597988	12	0
1	0.1726731330718749	14	0
1	0.1370643921231134	3	1
1	0.1336022669935258	4	0
1	0.1574339562330074	14	0
1	0.1177733458709562	1	0
1	0.1244150630451316	11	0
1	0.1002781552451642	4	1
1	0.1319765235775571	3	1
1	0.09881942180399401	13	0
1	0.1961502816760571	13	0
1	0.1944202353179837	16	1
1	0.09730749866359134	10	0
1	0.1276998300256503	3	0
1	0.1363254744266025	20	1
1	0.1220677893892327	7	0
1	0.1573498412815199	14	0
1	0.151779142450281	6	0
1	0.1184063374162051	12	0
1	0.1600469466892356	0	0
1	0.06347121376354678	2	1
1	0.1201271431386836	18	1
1	0.09228980231379122	4	1
1	0.1076657147515787	3	0
1	0.1777007330019275	12	0
1	0.1158421036091758	14	0
1	0.08972286950053815	3	1
1	0.1448462560418879	4	0
1	0.1672787804703544	14	0
1	0.0939782476410829	1	0
1	0.1269168949859257	11	0
1	0.1171242438053832	4	1
1	0.1299622761768446	3	1
1	0.140667867983101	13	0
1	0.1343927301349321	13	0
1	0.169326417512405	16	1
1	0.139952663376816	10	0
1	0.1196185889512523	3	0
1	0.0959480174073741	20	1
1	0.1610007437281819	7	0
1	0.1680053178913719	14	0
1	0.0842569222674889	6	0
1	0.1165690719790472	12	0
1	0.1415772300107689	0	0
1	0.107398253553303	2	1
1	0.1433646099017152	18	1
1	0.1140807668834479	4	1
1	0.08569284700360984	3	0
1	0.2073513792078889	12	0
1	0.1383795315566969	14	0
1	0.1231062168958266	3	1
1	0.1652862998543168	4	0
1	0.1462724498803363	14	0
1	0.1098222069183914	1	0
1	0.1063067452808955	11	0
1	0.0583670613928409	4	1
1	0.1244536609542597	3	1
1	0.1249623731333214	13	0
1	0.1478568030203315	13	0
1	0.1946547975868396	16	1
1	0.1466287793026333	10	0
1	0.1758704107990375	3	0
1	0.108298262750578	20	1
1	0.1421570396685123	7	0
1	0.1865331901590636	14	0
1	0.1213452533112413	6	0
1	0.07795000172139514	12	0
1	0.144866695223902	0	0
1	0.0720600769327856	2	1
1	0.1085538162007699	18	1
1	0.09249392105030937	4	1
1	0.1209000019965658	3	0
1	0.1280920100171465	12	0
1	0.1172365294336593	14	0
1	0.1446688465472434	3	1
1	0.1079569957475907	4	0
1	0.09975685070215215	14	0
1	0.1129973385730535	1	0
1	0.1117783683374855	11	0
1	0.05731179088173805	4	1
1	0.1391296568867426	3	1
1	0.1237275363917739	13	0
1	0.1228283275385099	13	0
1	0.1521349584094773	16	1
1	0.1428198271918322	10	0
1	0.1010296050374123	3	0
1	0.1330777167611881	20	1
1	0.1291858315079652	7	0
1	0.1370718113525942	14	0
1	0.1056775383488626	6	0
1	0.1187773501332185	12	0
1	0.1572549473327418	0	0
1	0.06344478716609322	2	1
1	0.1564482947007584	18	1
1	0.09970623650661783	4	1
1	0.06897304201341212	3	0
1	0.1610474406296802	12	0
1	0.1538716386762292	14	0
1	0.105493182589765	3	1
1	0.1541275897747026	4	0
1	0.1562803067741395	14	0
1	0.1194802602525906	1	0
1	0.1160380720081437	11	0
1	0.1171425095738237	4	1
1	0.1432899673524111	3	1
1	0.1264817543829811	13	0
1	0.1586366055196184	13	0
1	0.1672984533120091	16	1
1	0.08309937581510632	10	0
1	0.1088011598734054	3	0
1	0.1215804397810508	20	1
1	0.1439173629839507	7	0
1	0.1675929409625423	14	0
1	0.1122795925691271	6	0
1	0.1131255195023127	12	0
1	0.1500581086234086	0	0
1	0.1064385170568991	2	1
1	0.1296204681548643	18	1
1	0.09263825339349302	4	1
1	0.1261610340801618	3	0
1	0.1647531169549523	12	0
1	0.1135737154575147	14	0
1	0.1578890604762768	3	1
1	0.1371094735461359	4	0
1	0.1513857372239099	14	0
1	0.1134423164518946	1	0
1	0.09365760620469549	11	0
1	0.1466036042552526	4	1
1	0.1568111768741946	3	1
1	0.1411104203548282	13	0
1	0.1594378571353813	13	0
1	0.2008635874111129	16	1
1	0.1205897127851856	10	0
1	0.09983288733127679	3	0
1	0.140791595351139	20	1
1	0.1338743221973873	7	0
1	0.1506705109653778	14	0
1	0.06017347637989083	6	0
1	0.09305447755999624	12	0
1	0.1116605511929047	0	0
1	0.06645140913596123	2	1
1	0.1134590447267842	18	1
1	0.1119052006960878	4	1
1	0.1049096502153685	3	0
1	0.1981202530878206	12	0
1	0.1255335239320648	14	0
1	0.1337255813291444	3	1
1	0.1324651853656874	4	0
1	0.1219154063073747	14	0
1	0.1107626095917248	1	0
1	0.1003605890065474	11	0
1	0.09141331094800456	4	1
1	0.1424884374988121	3	1
1	0.1377807740776942	13	0
1	0.1251871470336506	13	0
1	0.1752572893732282	16	1
1	0.1342543415687557	10	0
1	0.1182915688995883	3	0
1	0.1196052928745712	20	1
1	0.1583178721536143	7	0
1	0.1461743213906576	14	0
1	0.1355125874020336	6	0
1	0.1299450933804579	12	0
1	0.1144580159595958	0	0
1	0.07712727261169647	2	1
1	0.1047286467894813	18	1
1	0.09345599268845284	4	1
1	0.1011506158366184	3	0
1	0.1902282245269818	12	0
1	0.1358813003756997	14	0
1	0.1143352683586184	3	1
1	0.1747629220390547	4	0
1	0.1134917136192969	14	0
1	0.1211312270302219	1	0
1	0.1278366535429641	11	0
1	0.0699086722007736	4	1
1	0.1629696743418348	3	1
1	0.1166548399011513	13	0
1	0.135048590576708	13	0
1	0.1617594496126449	16	1
1	0.1356546213561083	10	0
1	0.1603706755635328	3	0
1	0.1294737541095813	20	1
1	0.1659118570677782	7	0
1	0.1814175441866875	14	0
1	0.123067700396805	6	0
1	0.1288114063178026	12	0
1	0.1632273325704311	0	0
1	0.09188157656211818	2	1
1	0.1045339178550916	18	1
1	0.1312220607533237	4	1
1	0.1154861981197891	3	0
1	0.1647026708551192	12	0
1	0.08814139645891422	14	0
1	0.09878915311516126	3	1
1	0.1722551164082633	4	0
1	0.1444061865349454	14	0
1	0.1540448471529463	1	0
1	0.09906436262599391	11	0
1	0.1113132068983495	4	1
1	0.1467800013329353	3	1
1	0.1367676800204526	13	0
1	0.1416369015662881	13	0
1	0.1788681690571526	16	1
1	0.1401493774801036	10	0
1	0.1124832108092329	3	0
1	0.1328949677240346	20	1
1	0.1529530193593316	7	0
1	0.1512753608456999	14	0
1	0.06669027593243171	6	0
1	0.09382827630936121	12	0
1	0.1242419929252234	0	0
1	0.06589826261928655	2	1
1	0.1291183281608884	18	1
1	0.1217949395497155	4	1
1	0.1023125274758478	3	0
1	0.161374185941522	12	0
1	0.1301953748423845	14	0
1	0.1476375410433579	3	1
1	0.1099919499811298	4	0
1	0.1218066892280997	14	0
1	0.1128389601520545	1	0
1	0.1282869606987443	11	0
1	0.09209125301540012	4	1
1	0.1396923822918056	3	1
1	0.1166624632227276	13	0
1	0.1280126478232916	13	0
1	0.1720290955199822	16	1
1	0.09299488906025624	10	0
1	0.1361123383342748	3	0
1	0.1473741089904548	20	1
1	0.1517461164442259	7	0
1	0.1569276481619957	14	0
1	0.1132106670101658	6	0
1	0.09473556033789288	12	0
1	0.1500482228670826	0	0
1	0.1033330453852597	2	1
1	0.111720327228607	18	1
1	0.09329193163053413	4	1
1	0.1176172524511178	3	0
1	0.1573751639836352	12	0
1	0.1360856894747245	14	0
1	0.1153730588029162	3	1
1	0.1158199229938438	4	0
1	0.1431215226531938	14	0
1	0.158377082507243	1	0
1	0.09139952108795227	11	0
1	0.08648581687301293	4	1
1	0.1324188820976845	3	1
1	0.1135824657418009	13	0
1	0.1103348916223987	13	0
1	0.1816109653368849	16	1
1	0.150065091396501	10	0
1	0.1166027251568496	3	0
1	0.129626395800654	20	1
1	0.1215653631943567	7	0
1	0.1709763243030905	14	0
1	0.09983141669402937	6	0
1	0.08577226466756299	12	0
1	0.1521315361943184	0	0
1	0.08728359957443223	2	1
1	0.1008905560070364	18	1
1	0.1124394644666902	4	1
1	0.08430359815917901	3	0
1	0.1838297911609146	12	0
1	0.1140430376293153	14	0
1	0.1268166843452211	3	1
1	0.1320714312090986	4	0
1	0.1193985953972267	14	0
1	0.09648489671384998	1	0
1	0.1267460147840368	11	0
1	0.1142315693140553	4	1
1	0.1320792928041201	3	1
1	0.1195887351870571	13	0
1	0.1722150048288524	13	0
1	0.1782647351118252	16	1
1	0.1162636758674892	10	0
1	0.1116449550361036	3	0
1	0.08601210178429017	20	1
1	0.1406658422401679	7	0
1	0.1547994000071782	14	0
1	0.1024163618153321	6	0
1	0.1071453863841264	12	0
1	0.1377515062320545	0	0
1	0.07101217321885231	2	1
1	0.1336054636774255	18	1
1	0.1027494156989127	4	1
1	0.09972901088348793	3	0
1	0.1538445579066338	12	0
1	0.1038566015266509	14	0
1	0.0941452688362814	3	1
1	0.1154567586419079	4	0
1	0.1320960870267967	14	0
1	0.09574271630372219	1	0
1	0.09555501557055734	11	0
1	0.1209339081899842	4	1
1	0.121766050529666	3	1
1	0.09331104575639049	13	0
1	0.1177525563548874	13	0
1	0.1680639150307639	16	1
1	0.1286416945117624	10	0
1	0.1573751146626508	3	0
1	0.123461982119781	20	1
1	0.1654934099528429	7	0
1	0.1784239427187737	14	0
1	0.1245935872879572	6	0
1	0.1223769524238875	12	0
1	0.1626221325131496	0	0
1	0.0747074725134235	2	1
1	0.1253861012962575	18	1
1	0.06565378760067898	4	1
1	0.1123628099829174	3	0
1	0.180541421940293	12	0
1	0.1260428322403056	14	0
1	0.1076988644371669	3	1
1	0.1202892759638744	4	0
1	0.1007743798007291	14	0
1	0.129192338572081	1	0
1	0.1048391571912039	11	0
1	0.09296704590063945	4	1
1	0.1556937192009814	3	1
1	0.1571724171272126	13	0
1	0.1186640818282704	13	0
1	0.183239857905321	16	1
1	0.1571303965327839	10	0
1	0.1267445774133856	3	0
1	0.1267268642615232	20	1
1	0.1260856588084751	7	0
1	0.1991671997752932	14	0
1	0.1370174095238832	6	0
1	0.1001743349927536	12	0
1	0.1275574744359859	0	0
